#1
double dniData(8760, 2)
1	0
2	0
3	0
4	0
5	0
6	0
7	0
8	243.0
9	746
10	906
11	969
12	996
13	914
14	977
15	933
16	827
17	513
18	0
19	0
20	0
21	0
22	0
23	0
24	0
25	0
26	0
27	0
28	0
29	0
30	0
31	0
32	243
33	746
34	906
35	969
36	996
37	805
38	977
39	933
40	827
41	105
42	2
43	0
44	0
45	0
46	0
47	0
48	0
49	0
50	0
51	0
52	0
53	0
54	0
55	0
56	347
57	800
58	904
59	970
60	999
61	1003
62	961
63	892
64	758
65	434
66	4
67	0
68	0
69	0
70	0
71	0
72	0
73	0
74	0
75	0
76	0
77	0
78	0
79	0
80	14
81	100
82	180
83	103
84	450
85	285
86	235
87	106
88	123
89	17
90	0
91	0
92	0
93	0
94	0
95	0
96	0
97	0
98	0
99	0
100	0
101	0
102	0
103	0
104	206
105	456
106	679
107	892
108	952
109	958
110	872
111	874
112	768
113	400
114	3
115	0
116	0
117	0
118	0
119	0
120	0
121	0
122	0
123	0
124	0
125	0
126	0
127	0
128	1
129	0
130	6
131	301
132	956
133	910
134	907
135	890
136	787
137	305
138	0
139	0
140	0
141	0
142	0
143	0
144	0
145	0
146	0
147	0
148	0
149	0
150	0
151	0
152	134
153	646
154	335
155	354
156	729
157	272
158	50
159	227
160	61
161	7
162	0
163	0
164	0
165	0
166	0
167	0
168	0
169	0
170	0
171	0
172	0
173	0
174	0
175	0
176	8
177	727
178	850
179	953
180	949
181	972
182	932
183	707
184	735
185	422
186	0
187	0
188	0
189	0
190	0
191	0
192	0
193	0
194	0
195	0
196	0
197	0
198	0
199	0
200	232
201	800
202	923
203	980
204	1002
205	1013
206	994
207	953
208	870
209	641
210	49
211	0
212	0
213	0
214	0
215	0
216	0
217	0
218	0
219	0
220	0
221	0
222	0
223	0
224	117
225	296
226	552
227	172
228	178
229	112
230	465
231	641
232	538
233	200
234	12
235	0
236	0
237	0
238	0
239	0
240	0
241	0
242	0
243	0
244	0
245	0
246	0
247	0
248	152
249	596
250	670
251	800
252	554
253	77
254	78
255	23
256	53
257	11
258	0
259	0
260	0
261	0
262	0
263	0
264	0
265	0
266	0
267	0
268	0
269	0
270	0
271	0
272	44
273	171
274	235
275	243
276	156
277	190
278	127
279	2
280	6
281	4
282	1
283	0
284	0
285	0
286	0
287	0
288	0
289	0
290	0
291	0
292	0
293	0
294	0
295	0
296	50
297	460
298	405
299	589
300	690
301	214
302	533
303	736
304	564
305	422
306	57
307	0
308	0
309	0
310	0
311	0
312	0
313	0
314	0
315	0
316	0
317	0
318	0
319	0
320	338
321	802
322	940
323	992
324	1010
325	1020
326	1009
327	964
328	882
329	653
330	71
331	0
332	0
333	0
334	0
335	0
336	0
337	0
338	0
339	0
340	0
341	0
342	0
343	0
344	171
345	687
346	861
347	929
348	960
349	978
350	962
351	915
352	814
353	551
354	41
355	0
356	0
357	0
358	0
359	0
360	0
361	0
362	0
363	0
364	0
365	0
366	0
367	0
368	8
369	142
370	47
371	213
372	141
373	152
374	71
375	93
376	11
377	48
378	24
379	0
380	0
381	0
382	0
383	0
384	0
385	0
386	0
387	0
388	0
389	0
390	0
391	0
392	17
393	1
394	12
395	8
396	6
397	4
398	5
399	6
400	2
401	2
402	0
403	0
404	0
405	0
406	0
407	0
408	0
409	0
410	0
411	0
412	0
413	0
414	0
415	0
416	0
417	63
418	226
419	4
420	44
421	7
422	0
423	61
424	345
425	687
426	108
427	0
428	0
429	0
430	0
431	0
432	0
433	0
434	0
435	0
436	0
437	0
438	0
439	0
440	5
441	15
442	9
443	10
444	1
445	948
446	928
447	924
448	741
449	346
450	24
451	0
452	0
453	0
454	0
455	0
456	0
457	0
458	0
459	0
460	0
461	0
462	0
463	0
464	2
465	5
466	2
467	12
468	92
469	582
470	957
471	885
472	567
473	510
474	63
475	0
476	0
477	0
478	0
479	0
480	0
481	0
482	0
483	0
484	0
485	0
486	0
487	0
488	260
489	742
490	895
491	954
492	1008
493	1030
494	997
495	967
496	884
497	657
498	29
499	0
500	0
501	0
502	0
503	0
504	0
505	0
506	0
507	0
508	0
509	0
510	0
511	0
512	284
513	773
514	924
515	910
516	1015
517	1017
518	988
519	942
520	872
521	650
522	37
523	0
524	0
525	0
526	0
527	0
528	0
529	0
530	0
531	0
532	0
533	0
534	0
535	0
536	290
537	786
538	940
539	980
540	1033
541	1042
542	1028
543	967
544	829
545	381
546	37
547	0
548	0
549	0
550	0
551	0
552	0
553	0
554	0
555	0
556	0
557	0
558	0
559	0
560	157
561	607
562	729
563	812
564	415
565	819
566	439
567	433
568	624
569	336
570	37
571	0
572	0
573	0
574	0
575	0
576	0
577	0
578	0
579	0
580	0
581	0
582	0
583	0
584	64
585	134
586	484
587	799
588	914
589	830
590	862
591	857
592	782
593	563
594	128
595	0
596	0
597	0
598	0
599	0
600	0
601	0
602	0
603	0
604	0
605	0
606	0
607	0
608	422
609	847
610	964
611	1019
612	1044
613	1047
614	1033
615	997
616	927
617	754
618	176
619	0
620	0
621	0
622	0
623	0
624	0
625	0
626	0
627	0
628	0
629	0
630	0
631	0
632	358
633	790
634	925
635	979
636	1003
637	934
638	750
639	500
640	356
641	260
642	86
643	0
644	0
645	0
646	0
647	0
648	0
649	0
650	0
651	0
652	0
653	0
654	0
655	0
656	1
657	5
658	45
659	2
660	121
661	164
662	252
663	213
664	64
665	41
666	1
667	0
668	0
669	0
670	0
671	0
672	0
673	0
674	0
675	0
676	0
677	0
678	0
679	0
680	327
681	712
682	847
683	843
684	780
685	837
686	994
687	959
688	236
689	722
690	87
691	0
692	0
693	0
694	0
695	0
696	0
697	0
698	0
699	0
700	0
701	0
702	0
703	0
704	333
705	806
706	856
707	983
708	1023
709	1026
710	963
711	926
712	513
713	9
714	4
715	0
716	0
717	0
718	0
719	0
720	0
721	0
722	0
723	0
724	0
725	0
726	0
727	0
728	1
729	91
730	29
731	95
732	54
733	469
734	692
735	660
736	269
737	228
738	28
739	0
740	0
741	0
742	0
743	0
744	0
745	0
746	0
747	0
748	0
749	0
750	0
751	0
752	81
753	301
754	388
755	327
756	856
757	759
758	302
759	173
760	361
761	6
762	2
763	0
764	0
765	0
766	0
767	0
768	0
769	0
770	0
771	0
772	0
773	0
774	0
775	0
776	401
777	744
778	862
779	602
780	774
781	515
782	787
783	659
784	898
785	750
786	102
787	0
788	0
789	0
790	0
791	0
792	0
793	0
794	0
795	0
796	0
797	0
798	0
799	0
800	0
801	38
802	670
803	648
804	989
805	894
806	533
807	478
808	560
809	225
810	21
811	0
812	0
813	0
814	0
815	0
816	0
817	0
818	0
819	0
820	0
821	0
822	0
823	0
824	297
825	839
826	968
827	1028
828	1045
829	1051
830	1041
831	978
832	890
833	746
834	139
835	0
836	0
837	0
838	0
839	0
840	0
841	0
842	0
843	0
844	0
845	0
846	0
847	0
848	1
849	31
850	521
851	458
852	925
853	87
854	2
855	2
856	12
857	607
858	35
859	0
860	0
861	0
862	0
863	0
864	0
865	0
866	0
867	0
868	0
869	0
870	0
871	0
872	7
873	361
874	626
875	905
876	915
877	778
878	845
879	870
880	902
881	724
882	148
883	0
884	0
885	0
886	0
887	0
888	0
889	0
890	0
891	0
892	0
893	0
894	0
895	0
896	396
897	753
898	750
899	715
900	756
901	657
902	671
903	496
904	336
905	623
906	80
907	0
908	0
909	0
910	0
911	0
912	0
913	0
914	0
915	0
916	0
917	0
918	0
919	0
920	469
921	820
922	843
923	1003
924	1007
925	986
926	1016
927	915
928	893
929	752
930	130
931	0
932	0
933	0
934	0
935	0
936	0
937	0
938	0
939	0
940	0
941	0
942	0
943	0
944	453
945	835
946	945
947	1006
948	1019
949	1032
950	1021
951	991
952	893
953	757
954	183
955	0
956	0
957	0
958	0
959	0
960	0
961	0
962	0
963	0
964	0
965	0
966	0
967	0
968	479
969	853
970	962
971	1016
972	1034
973	1042
974	1012
975	979
976	899
977	725
978	184
979	0
980	0
981	0
982	0
983	0
984	0
985	0
986	0
987	0
988	0
989	0
990	0
991	0
992	44
993	168
994	208
995	250
996	471
997	509
998	601
999	404
1000	459
1001	736
1002	201
1003	0
1004	0
1005	0
1006	0
1007	0
1008	0
1009	0
1010	0
1011	0
1012	0
1013	0
1014	0
1015	0
1016	101
1017	631
1018	938
1019	937
1020	1011
1021	1036
1022	968
1023	908
1024	596
1025	550
1026	22
1027	0
1028	0
1029	0
1030	0
1031	0
1032	0
1033	0
1034	0
1035	0
1036	0
1037	0
1038	0
1039	0
1040	362
1041	861
1042	975
1043	1024
1044	1045
1045	1043
1046	1024
1047	969
1048	891
1049	711
1050	191
1051	0
1052	0
1053	0
1054	0
1055	0
1056	0
1057	0
1058	0
1059	0
1060	0
1061	0
1062	0
1063	0
1064	569
1065	901
1066	986
1067	1038
1068	1047
1069	1047
1070	1017
1071	982
1072	908
1073	649
1074	212
1075	0
1076	0
1077	0
1078	0
1079	0
1080	0
1081	0
1082	0
1083	0
1084	0
1085	0
1086	0
1087	0
1088	4
1089	264
1090	390
1091	396
1092	512
1093	688
1094	975
1095	1009
1096	955
1097	818
1098	272
1099	0
1100	0
1101	0
1102	0
1103	0
1104	0
1105	0
1106	0
1107	0
1108	0
1109	0
1110	0
1111	0
1112	0
1113	0
1114	0
1115	0
1116	0
1117	0
1118	0
1119	0
1120	0
1121	0
1122	0
1123	0
1124	0
1125	0
1126	0
1127	0
1128	0
1129	0
1130	0
1131	0
1132	0
1133	0
1134	0
1135	0
1136	1
1137	36
1138	523
1139	504
1140	618
1141	397
1142	912
1143	725
1144	921
1145	782
1146	278
1147	0
1148	0
1149	0
1150	0
1151	0
1152	0
1153	0
1154	0
1155	0
1156	0
1157	0
1158	0
1159	0
1160	344
1161	843
1162	956
1163	1013
1164	1026
1165	1045
1166	1030
1167	999
1168	927
1169	779
1170	291
1171	0
1172	0
1173	0
1174	0
1175	0
1176	0
1177	0
1178	0
1179	0
1180	0
1181	0
1182	0
1183	0
1184	475
1185	797
1186	754
1187	861
1188	1009
1189	995
1190	979
1191	567
1192	310
1193	23
1194	0
1195	0
1196	0
1197	0
1198	0
1199	0
1200	0
1201	0
1202	0
1203	0
1204	0
1205	0
1206	0
1207	6
1208	123
1209	150
1210	334
1211	360
1212	710
1213	357
1214	286
1215	780
1216	527
1217	275
1218	37
1219	0
1220	0
1221	0
1222	0
1223	0
1224	0
1225	0
1226	0
1227	0
1228	0
1229	0
1230	0
1231	1
1232	1
1233	1
1234	2
1235	1
1236	3
1237	463
1238	228
1239	21
1240	153
1241	127
1242	0
1243	0
1244	0
1245	0
1246	0
1247	0
1248	0
1249	0
1250	0
1251	0
1252	0
1253	0
1254	0
1255	0
1256	0
1257	1
1258	13
1259	454
1260	14
1261	478
1262	965
1263	821
1264	621
1265	703
1266	238
1267	0
1268	0
1269	0
1270	0
1271	0
1272	0
1273	0
1274	0
1275	0
1276	0
1277	0
1278	0
1279	25
1280	339
1281	140
1282	225
1283	226
1284	523
1285	808
1286	177
1287	721
1288	242
1289	0
1290	0
1291	0
1292	0
1293	0
1294	0
1295	0
1296	0
1297	0
1298	0
1299	0
1300	0
1301	0
1302	0
1303	0
1304	68
1305	84
1306	560
1307	902
1308	960
1309	1028
1310	1047
1311	1013
1312	957
1313	835
1314	291
1315	0
1316	0
1317	0
1318	0
1319	0
1320	0
1321	0
1322	0
1323	0
1324	0
1325	0
1326	0
1327	5
1328	89
1329	242
1330	486
1331	864
1332	994
1333	1043
1334	1023
1335	961
1336	922
1337	790
1338	151
1339	0
1340	0
1341	0
1342	0
1343	0
1344	0
1345	0
1346	0
1347	0
1348	0
1349	0
1350	0
1351	0
1352	2
1353	3
1354	13
1355	35
1356	262
1357	958
1358	490
1359	214
1360	8
1361	2
1362	4
1363	0
1364	0
1365	0
1366	0
1367	0
1368	0
1369	0
1370	0
1371	0
1372	0
1373	0
1374	0
1375	4
1376	112
1377	641
1378	473
1379	472
1380	182
1381	410
1382	488
1383	362
1384	399
1385	381
1386	166
1387	0
1388	0
1389	0
1390	0
1391	0
1392	0
1393	0
1394	0
1395	0
1396	0
1397	0
1398	0
1399	64
1400	213
1401	859
1402	962
1403	1007
1404	1022
1405	991
1406	963
1407	863
1408	482
1409	361
1410	82
1411	0
1412	0
1413	0
1414	0
1415	0
1416	0
1417	0
1418	0
1419	0
1420	0
1421	0
1422	0
1423	39
1424	190
1425	110
1426	315
1427	594
1428	107
1429	14
1430	10
1431	16
1432	26
1433	226
1434	63
1435	0
1436	0
1437	0
1438	0
1439	0
1440	0
1441	0
1442	0
1443	0
1444	0
1445	0
1446	0
1447	1
1448	26
1449	457
1450	294
1451	128
1452	330
1453	230
1454	1
1455	67
1456	94
1457	1
1458	10
1459	0
1460	0
1461	0
1462	0
1463	0
1464	0
1465	0
1466	0
1467	0
1468	0
1469	0
1470	0
1471	1
1472	1
1473	11
1474	107
1475	18
1476	8
1477	34
1478	177
1479	192
1480	121
1481	11
1482	28
1483	0
1484	0
1485	0
1486	0
1487	0
1488	0
1489	0
1490	0
1491	0
1492	0
1493	0
1494	0
1495	59
1496	767
1497	934
1498	1015
1499	1021
1500	1051
1501	1048
1502	1049
1503	1026
1504	983
1505	885
1506	593
1507	0
1508	0
1509	0
1510	0
1511	0
1512	0
1513	0
1514	0
1515	0
1516	0
1517	0
1518	0
1519	141
1520	728
1521	921
1522	629
1523	582
1524	324
1525	600
1526	933
1527	1002
1528	948
1529	832
1530	461
1531	3
1532	0
1533	0
1534	0
1535	0
1536	0
1537	0
1538	0
1539	0
1540	0
1541	0
1542	0
1543	71
1544	447
1545	763
1546	950
1547	1007
1548	1027
1549	1025
1550	991
1551	973
1552	920
1553	792
1554	350
1555	1
1556	0
1557	0
1558	0
1559	0
1560	0
1561	0
1562	0
1563	0
1564	0
1565	0
1566	0
1567	126
1568	690
1569	887
1570	960
1571	1002
1572	1017
1573	1021
1574	999
1575	970
1576	925
1577	828
1578	487
1579	2
1580	0
1581	0
1582	0
1583	0
1584	0
1585	0
1586	0
1587	0
1588	0
1589	0
1590	0
1591	134
1592	695
1593	888
1594	973
1595	1006
1596	1020
1597	1026
1598	997
1599	706
1600	419
1601	687
1602	272
1603	2
1604	0
1605	0
1606	0
1607	0
1608	0
1609	0
1610	0
1611	0
1612	0
1613	0
1614	0
1615	16
1616	108
1617	580
1618	832
1619	865
1620	763
1621	673
1622	394
1623	206
1624	346
1625	9
1626	5
1627	0
1628	0
1629	0
1630	0
1631	0
1632	0
1633	0
1634	0
1635	0
1636	0
1637	0
1638	0
1639	129
1640	681
1641	883
1642	975
1643	1018
1644	1036
1645	1039
1646	1031
1647	1006
1648	957
1649	855
1650	500
1651	1
1652	0
1653	0
1654	0
1655	0
1656	0
1657	0
1658	0
1659	0
1660	0
1661	0
1662	0
1663	182
1664	759
1665	938
1666	1011
1667	1042
1668	1055
1669	1058
1670	1047
1671	1000
1672	914
1673	831
1674	490
1675	2
1676	0
1677	0
1678	0
1679	0
1680	0
1681	0
1682	0
1683	0
1684	0
1685	0
1686	0
1687	182
1688	735
1689	907
1690	975
1691	1015
1692	1038
1693	1036
1694	1017
1695	976
1696	913
1697	781
1698	456
1699	4
1700	0
1701	0
1702	0
1703	0
1704	0
1705	0
1706	0
1707	0
1708	0
1709	0
1710	0
1711	168
1712	718
1713	889
1714	966
1715	1004
1716	1017
1717	1011
1718	973
1719	885
1720	139
1721	16
1722	33
1723	0
1724	0
1725	0
1726	0
1727	0
1728	0
1729	0
1730	0
1731	0
1732	0
1733	0
1734	0
1735	5
1736	164
1737	225
1738	457
1739	695
1740	839
1741	857
1742	764
1743	454
1744	23
1745	0
1746	1
1747	0
1748	0
1749	0
1750	0
1751	0
1752	0
1753	0
1754	0
1755	0
1756	0
1757	0
1758	0
1759	135
1760	610
1761	811
1762	907
1763	944
1764	945
1765	952
1766	966
1767	945
1768	931
1769	691
1770	301
1771	7
1772	0
1773	0
1774	0
1775	0
1776	0
1777	0
1778	0
1779	0
1780	0
1781	0
1782	0
1783	18
1784	38
1785	21
1786	318
1787	887
1788	933
1789	932
1790	772
1791	114
1792	24
1793	1
1794	0
1795	0
1796	0
1797	0
1798	0
1799	0
1800	0
1801	0
1802	0
1803	0
1804	0
1805	0
1806	0
1807	0
1808	167
1809	837
1810	697
1811	644
1812	376
1813	162
1814	37
1815	242
1816	0
1817	1
1818	0
1819	0
1820	0
1821	0
1822	0
1823	0
1824	0
1825	0
1826	0
1827	0
1828	0
1829	0
1830	0
1831	42
1832	321
1833	869
1834	943
1835	768
1836	438
1837	733
1838	807
1839	643
1840	346
1841	409
1842	460
1843	1
1844	0
1845	0
1846	0
1847	0
1848	0
1849	0
1850	0
1851	0
1852	0
1853	0
1854	0
1855	5
1856	6
1857	35
1858	37
1859	12
1860	12
1861	89
1862	7
1863	1
1864	2
1865	0
1866	0
1867	0
1868	0
1869	0
1870	0
1871	0
1872	0
1873	0
1874	0
1875	0
1876	0
1877	0
1878	0
1879	0
1880	0
1881	1
1882	15
1883	134
1884	334
1885	509
1886	904
1887	331
1888	27
1889	0
1890	0
1891	0
1892	0
1893	0
1894	0
1895	0
1896	0
1897	0
1898	0
1899	0
1900	0
1901	0
1902	0
1903	82
1904	177
1905	356
1906	220
1907	1
1908	2
1909	3
1910	12
1911	262
1912	384
1913	412
1914	627
1915	0
1916	0
1917	0
1918	0
1919	0
1920	0
1921	0
1922	0
1923	0
1924	0
1925	0
1926	0
1927	101
1928	1
1929	13
1930	164
1931	84
1932	326
1933	240
1934	273
1935	215
1936	66
1937	149
1938	17
1939	1
1940	0
1941	0
1942	0
1943	0
1944	0
1945	0
1946	0
1947	0
1948	0
1949	0
1950	0
1951	206
1952	734
1953	887
1954	955
1955	931
1956	813
1957	687
1958	654
1959	562
1960	757
1961	811
1962	360
1963	14
1964	0
1965	0
1966	0
1967	0
1968	0
1969	0
1970	0
1971	0
1972	0
1973	0
1974	0
1975	338
1976	790
1977	928
1978	991
1979	1014
1980	1024
1981	1031
1982	1011
1983	983
1984	939
1985	850
1986	605
1987	20
1988	0
1989	0
1990	0
1991	0
1992	0
1993	0
1994	0
1995	0
1996	0
1997	0
1998	0
1999	340
2000	783
2001	923
2002	982
2003	1013
2004	1021
2005	1028
2006	1014
2007	974
2008	903
2009	753
2010	224
2011	10
2012	0
2013	0
2014	0
2015	0
2016	0
2017	0
2018	0
2019	0
2020	0
2021	0
2022	0
2023	353
2024	786
2025	918
2026	975
2027	1001
2028	1007
2029	886
2030	767
2031	811
2032	720
2033	298
2034	91
2035	10
2036	0
2037	0
2038	0
2039	0
2040	0
2041	0
2042	0
2043	0
2044	0
2045	0
2046	0
2047	1
2048	37
2049	8
2050	25
2051	11
2052	19
2053	8
2054	21
2055	87
2056	19
2057	29
2058	73
2059	11
2060	0
2061	0
2062	0
2063	0
2064	0
2065	0
2066	0
2067	0
2068	0
2069	0
2070	0
2071	1
2072	1
2073	1
2074	3
2075	19
2076	13
2077	9
2078	14
2079	0
2080	0
2081	0
2082	1
2083	1
2084	0
2085	0
2086	0
2087	0
2088	0
2089	0
2090	0
2091	0
2092	0
2093	0
2094	0
2095	32
2096	652
2097	596
2098	2
2099	13
2100	615
2101	434
2102	25
2103	392
2104	853
2105	848
2106	512
2107	16
2108	0
2109	0
2110	0
2111	0
2112	0
2113	0
2114	0
2115	0
2116	0
2117	0
2118	0
2119	327
2120	775
2121	909
2122	969
2123	989
2124	1008
2125	1020
2126	1019
2127	984
2128	936
2129	849
2130	583
2131	0
2132	0
2133	0
2134	0
2135	0
2136	0
2137	0
2138	0
2139	0
2140	0
2141	0
2142	0
2143	381
2144	769
2145	700
2146	533
2147	172
2148	588
2149	79
2150	656
2151	272
2152	805
2153	354
2154	625
2155	46
2156	0
2157	0
2158	0
2159	0
2160	0
2161	0
2162	0
2163	0
2164	0
2165	0
2166	0
2167	436
2168	846
2169	950
2170	997
2171	1021
2172	704
2173	726
2174	783
2175	838
2176	908
2177	779
2178	610
2179	0
2180	0
2181	0
2182	0
2183	0
2184	0
2185	0
2186	0
2187	0
2188	0
2189	0
2190	0
2191	131
2192	0
2193	444
2194	55
2195	393
2196	217
2197	210
2198	114
2199	6
2200	0
2201	0
2202	0
2203	0
2204	0
2205	0
2206	0
2207	0
2208	0
2209	0
2210	0
2211	0
2212	0
2213	0
2214	0
2215	222
2216	515
2217	647
2218	669
2219	628
2220	650
2221	600
2222	681
2223	476
2224	537
2225	670
2226	431
2227	0
2228	0
2229	0
2230	0
2231	0
2232	0
2233	0
2234	0
2235	0
2236	0
2237	0
2238	0
2239	402
2240	700
2241	635
2242	644
2243	851
2244	812
2245	893
2246	956
2247	969
2248	885
2249	797
2250	560
2251	0
2252	0
2253	0
2254	0
2255	0
2256	0
2257	0
2258	0
2259	0
2260	0
2261	0
2262	0
2263	82
2264	250
2265	585
2266	498
2267	773
2268	782
2269	732
2270	872
2271	202
2272	808
2273	693
2274	620
2275	0
2276	0
2277	0
2278	0
2279	0
2280	0
2281	0
2282	0
2283	0
2284	0
2285	0
2286	0
2287	430
2288	768
2289	776
2290	656
2291	755
2292	800
2293	845
2294	884
2295	744
2296	248
2297	168
2298	188
2299	0
2300	0
2301	0
2302	0
2303	0
2304	0
2305	0
2306	0
2307	0
2308	0
2309	0
2310	0
2311	248
2312	224
2313	726
2314	808
2315	658
2316	6
2317	168
2318	759
2319	131
2320	779
2321	798
2322	601
2323	0
2324	0
2325	0
2326	0
2327	0
2328	0
2329	0
2330	0
2331	0
2332	0
2333	0
2334	0
2335	300
2336	664
2337	714
2338	632
2339	664
2340	734
2341	803
2342	855
2343	833
2344	879
2345	729
2346	463
2347	105
2348	0
2349	0
2350	0
2351	0
2352	0
2353	0
2354	0
2355	0
2356	0
2357	0
2358	0
2359	312
2360	631
2361	652
2362	808
2363	797
2364	860
2365	785
2366	849
2367	845
2368	808
2369	550
2370	593
2371	111
2372	0
2373	0
2374	0
2375	0
2376	0
2377	0
2378	0
2379	0
2380	0
2381	0
2382	0
2383	431
2384	726
2385	873
2386	826
2387	785
2388	812
2389	624
2390	699
2391	125
2392	30
2393	0
2394	0
2395	49
2396	0
2397	0
2398	0
2399	0
2400	0
2401	0
2402	0
2403	0
2404	0
2405	0
2406	0
2407	358
2408	718
2409	725
2410	820
2411	917
2412	872
2413	881
2414	950
2415	904
2416	909
2417	753
2418	541
2419	127
2420	0
2421	0
2422	0
2423	0
2424	0
2425	0
2426	0
2427	0
2428	0
2429	0
2430	0
2431	347
2432	470
2433	743
2434	905
2435	899
2436	860
2437	803
2438	956
2439	482
2440	148
2441	0
2442	488
2443	137
2444	0
2445	0
2446	0
2447	0
2448	0
2449	0
2450	0
2451	0
2452	0
2453	0
2454	0
2455	456
2456	602
2457	559
2458	777
2459	754
2460	812
2461	839
2462	998
2463	976
2464	927
2465	759
2466	255
2467	65
2468	0
2469	0
2470	0
2471	0
2472	0
2473	0
2474	0
2475	0
2476	0
2477	0
2478	0
2479	252
2480	146
2481	215
2482	613
2483	380
2484	541
2485	204
2486	281
2487	179
2488	41
2489	267
2490	0
2491	67
2492	0
2493	0
2494	0
2495	0
2496	0
2497	0
2498	0
2499	0
2500	0
2501	0
2502	0
2503	294
2504	550
2505	6
2506	334
2507	6
2508	6
2509	312
2510	12
2511	36
2512	691
2513	731
2514	626
2515	162
2516	0
2517	0
2518	0
2519	0
2520	0
2521	0
2522	0
2523	0
2524	0
2525	0
2526	0
2527	525
2528	708
2529	521
2530	807
2531	953
2532	770
2533	971
2534	998
2535	934
2536	927
2537	841
2538	660
2539	37
2540	0
2541	0
2542	0
2543	0
2544	0
2545	0
2546	0
2547	0
2548	0
2549	0
2550	0
2551	101
2552	631
2553	852
2554	880
2555	917
2556	962
2557	965
2558	873
2559	125
2560	785
2561	807
2562	639
2563	88
2564	0
2565	0
2566	0
2567	0
2568	0
2569	0
2570	0
2571	0
2572	0
2573	0
2574	0
2575	381
2576	145
2577	699
2578	764
2579	459
2580	914
2581	959
2582	998
2583	911
2584	378
2585	122
2586	0
2587	97
2588	0
2589	0
2590	0
2591	0
2592	0
2593	0
2594	0
2595	0
2596	0
2597	0
2598	0
2599	493
2600	681
2601	662
2602	18
2603	48
2604	740
2605	827
2606	675
2607	976
2608	862
2609	703
2610	181
2611	46
2612	0
2613	0
2614	0
2615	0
2616	0
2617	0
2618	0
2619	0
2620	0
2621	0
2622	68
2623	469
2624	535
2625	821
2626	667
2627	658
2628	715
2629	725
2630	765
2631	869
2632	857
2633	720
2634	554
2635	125
2636	0
2637	0
2638	0
2639	0
2640	0
2641	0
2642	0
2643	0
2644	0
2645	0
2646	44
2647	276
2648	245
2649	619
2650	782
2651	754
2652	337
2653	162
2654	24
2655	36
2656	230
2657	17
2658	0
2659	59
2660	0
2661	0
2662	0
2663	0
2664	0
2665	0
2666	0
2667	0
2668	0
2669	0
2670	99
2671	563
2672	723
2673	698
2674	849
2675	953
2676	986
2677	797
2678	771
2679	833
2680	886
2681	848
2682	396
2683	11
2684	0
2685	0
2686	0
2687	0
2688	0
2689	0
2690	0
2691	0
2692	0
2693	0
2694	112
2695	581
2696	622
2697	680
2698	794
2699	72
2700	174
2701	60
2702	6
2703	24
2704	12
2705	17
2706	0
2707	108
2708	0
2709	0
2710	0
2711	0
2712	0
2713	0
2714	0
2715	0
2716	0
2717	0
2718	135
2719	648
2720	766
2721	808
2722	970
2723	995
2724	1004
2725	971
2726	837
2727	911
2728	934
2729	855
2730	656
2731	227
2732	0
2733	0
2734	0
2735	0
2736	0
2737	0
2738	0
2739	0
2740	0
2741	0
2742	139
2743	617
2744	815
2745	924
2746	927
2747	893
2748	800
2749	905
2750	849
2751	958
2752	887
2753	774
2754	536
2755	71
2756	0
2757	0
2758	0
2759	0
2760	0
2761	0
2762	0
2763	0
2764	0
2765	0
2766	159
2767	656
2768	802
2769	881
2770	946
2771	995
2772	1004
2773	1001
2774	998
2775	976
2776	934
2777	832
2778	564
2779	60
2780	0
2781	0
2782	0
2783	0
2784	0
2785	0
2786	0
2787	0
2788	0
2789	0
2790	163
2791	633
2792	701
2793	850
2794	673
2795	820
2796	938
2797	845
2798	783
2799	131
2800	242
2801	378
2802	39
2803	54
2804	0
2805	0
2806	0
2807	0
2808	0
2809	0
2810	0
2811	0
2812	0
2813	0
2814	182
2815	665
2816	845
2817	930
2818	970
2819	995
2820	1004
2821	965
2822	909
2823	637
2824	213
2825	35
2826	0
2827	82
2828	0
2829	0
2830	0
2831	0
2832	0
2833	0
2834	0
2835	0
2836	0
2837	0
2838	185
2839	642
2840	844
2841	899
2842	933
2843	880
2844	986
2845	965
2846	257
2847	18
2848	189
2849	641
2850	621
2851	229
2852	0
2853	0
2854	0
2855	0
2856	0
2857	0
2858	0
2859	0
2860	0
2861	0
2862	205
2863	674
2864	800
2865	905
2866	897
2867	989
2868	848
2869	989
2870	998
2871	881
2872	609
2873	239
2874	122
2875	180
2876	0
2877	0
2878	0
2879	0
2880	0
2881	0
2882	0
2883	0
2884	0
2885	0
2886	15
2887	48
2888	437
2889	758
2890	842
2891	886
2892	896
2893	893
2894	891
2895	929
2896	893
2897	856
2898	678
2899	280
2900	0
2901	0
2902	0
2903	0
2904	0
2905	0
2906	0
2907	0
2908	0
2909	0
2910	200
2911	603
2912	762
2913	850
2914	909
2915	917
2916	878
2917	923
2918	939
2919	899
2920	834
2921	839
2922	685
2923	275
2924	0
2925	0
2926	0
2927	0
2928	0
2929	0
2930	0
2931	0
2932	0
2933	0
2934	133
2935	385
2936	19
2937	116
2938	109
2939	48
2940	6
2941	6
2942	0
2943	0
2944	0
2945	0
2946	150
2947	158
2948	0
2949	0
2950	0
2951	0
2952	0
2953	0
2954	0
2955	0
2956	0
2957	0
2958	0
2959	404
2960	630
2961	751
2962	842
2963	663
2964	96
2965	36
2966	24
2967	89
2968	6
2969	35
2970	17
2971	168
2972	0
2973	0
2974	0
2975	0
2976	0
2977	0
2978	0
2979	0
2980	0
2981	0
2982	0
2983	611
2984	742
2985	892
2986	939
2987	880
2988	811
2989	917
2990	939
2991	887
2992	876
2993	764
2994	692
2995	297
2996	0
2997	0
2998	0
2999	0
3000	0
3001	0
3002	0
3003	0
3004	0
3005	0
3006	0
3007	623
3008	823
3009	880
3010	872
3011	916
3012	962
3013	989
3014	927
3015	864
3016	840
3017	834
3018	693
3019	317
3020	0
3021	0
3022	0
3023	0
3024	0
3025	0
3026	0
3027	0
3028	0
3029	0
3030	0
3031	615
3032	716
3033	885
3034	908
3035	928
3036	968
3037	965
3038	963
3039	929
3040	882
3041	583
3042	0
3043	177
3044	0
3045	0
3046	0
3047	0
3048	0
3049	0
3050	0
3051	0
3052	0
3053	0
3054	0
3055	641
3056	803
3057	739
3058	745
3059	796
3060	859
3061	917
3062	933
3063	935
3064	882
3065	788
3066	537
3067	0
3068	0
3069	0
3070	0
3071	0
3072	0
3073	0
3074	0
3075	0
3076	0
3077	0
3078	0
3079	20
3080	12
3081	171
3082	696
3083	904
3084	980
3085	899
3086	574
3087	852
3088	823
3089	741
3090	672
3091	256
3092	0
3093	0
3094	0
3095	0
3096	0
3097	0
3098	0
3099	0
3100	0
3101	0
3102	0
3103	652
3104	740
3105	629
3106	739
3107	820
3108	865
3109	935
3110	891
3111	887
3112	758
3113	642
3114	0
3115	0
3116	0
3117	0
3118	0
3119	0
3120	0
3121	0
3122	0
3123	0
3124	0
3125	0
3126	0
3127	0
3128	0
3129	0
3130	54
3131	488
3132	667
3133	833
3134	502
3135	858
3136	556
3137	455
3138	208
3139	188
3140	0
3141	0
3142	0
3143	0
3144	0
3145	0
3146	0
3147	0
3148	0
3149	0
3150	0
3151	623
3152	796
3153	842
3154	884
3155	952
3156	968
3157	971
3158	969
3159	941
3160	864
3161	824
3162	663
3163	343
3164	0
3165	0
3166	0
3167	0
3168	0
3169	0
3170	0
3171	0
3172	0
3173	0
3174	0
3175	629
3176	721
3177	702
3178	793
3179	717
3180	799
3181	905
3182	837
3183	697
3184	136
3185	421
3186	0
3187	196
3188	0
3189	0
3190	0
3191	0
3192	0
3193	0
3194	0
3195	0
3196	0
3197	0
3198	0
3199	634
3200	777
3201	793
3202	908
3203	958
3204	962
3205	971
3206	957
3207	911
3208	722
3209	584
3210	0
3211	197
3212	0
3213	0
3214	0
3215	0
3216	0
3217	0
3218	0
3219	0
3220	0
3221	0
3222	0
3223	666
3224	789
3225	879
3226	908
3227	976
3228	986
3229	971
3230	927
3231	917
3232	817
3233	812
3234	636
3235	290
3236	0
3237	0
3238	0
3239	0
3240	0
3241	0
3242	0
3243	0
3244	0
3245	0
3246	0
3247	626
3248	727
3249	750
3250	817
3251	723
3252	847
3253	857
3254	867
3255	816
3256	551
3257	555
3258	248
3259	223
3260	0
3261	0
3262	0
3263	0
3264	0
3265	0
3266	0
3267	0
3268	0
3269	0
3270	0
3271	678
3272	801
3273	854
3274	890
3275	952
3276	974
3277	965
3278	921
3279	906
3280	894
3281	807
3282	643
3283	364
3284	0
3285	0
3286	0
3287	0
3288	0
3289	0
3290	0
3291	0
3292	0
3293	0
3294	0
3295	539
3296	658
3297	647
3298	835
3299	880
3300	853
3301	767
3302	365
3303	209
3304	30
3305	0
3306	0
3307	240
3308	0
3309	0
3310	0
3311	0
3312	0
3313	0
3314	0
3315	0
3316	0
3317	0
3318	0
3319	663
3320	720
3321	878
3322	932
3323	952
3324	986
3325	935
3326	849
3327	852
3328	894
3329	743
3330	418
3331	307
3332	0
3333	0
3334	0
3335	0
3336	0
3337	0
3338	0
3339	0
3340	0
3341	0
3342	0
3343	649
3344	813
3345	903
3346	890
3347	916
3348	932
3349	953
3350	957
3351	941
3352	859
3353	825
3354	656
3355	337
3356	0
3357	0
3358	0
3359	0
3360	0
3361	0
3362	0
3363	0
3364	0
3365	0
3366	0
3367	550
3368	645
3369	720
3370	763
3371	838
3372	877
3373	929
3374	813
3375	71
3376	6
3377	0
3378	0
3379	0
3380	0
3381	0
3382	0
3383	0
3384	0
3385	0
3386	0
3387	0
3388	0
3389	0
3390	0
3391	0
3392	0
3393	0
3394	0
3395	0
3396	0
3397	0
3398	0
3399	0
3400	0
3401	0
3402	0
3403	225
3404	0
3405	0
3406	0
3407	0
3408	0
3409	0
3410	0
3411	0
3412	0
3413	0
3414	0
3415	582
3416	732
3417	866
3418	871
3419	856
3420	787
3421	282
3422	36
3423	24
3424	18
3425	18
3426	0
3427	169
3428	0
3429	0
3430	0
3431	0
3432	0
3433	0
3434	0
3435	0
3436	0
3437	0
3438	0
3439	484
3440	335
3441	140
3442	6
3443	0
3444	42
3445	0
3446	0
3447	0
3448	0
3449	0
3450	0
3451	271
3452	0
3453	0
3454	0
3455	0
3456	0
3457	0
3458	0
3459	0
3460	0
3461	0
3462	0
3463	555
3464	651
3465	738
3466	793
3467	922
3468	968
3469	935
3470	849
3471	441
3472	107
3473	0
3474	0
3475	267
3476	0
3477	0
3478	0
3479	0
3480	0
3481	0
3482	0
3483	0
3484	0
3485	0
3486	0
3487	679
3488	837
3489	914
3490	896
3491	898
3492	799
3493	360
3494	365
3495	471
3496	166
3497	427
3498	715
3499	434
3500	0
3501	0
3502	0
3503	0
3504	0
3505	0
3506	0
3507	0
3508	0
3509	0
3510	0
3511	678
3512	805
3513	835
3514	811
3515	814
3516	781
3517	887
3518	730
3519	822
3520	302
3521	6
3522	102
3523	15
3524	0
3525	0
3526	0
3527	0
3528	0
3529	0
3530	0
3531	0
3532	0
3533	0
3534	0
3535	508
3536	533
3537	616
3538	756
3539	838
3540	920
3541	875
3542	849
3543	286
3544	0
3545	0
3546	0
3547	128
3548	0
3549	0
3550	0
3551	0
3552	0
3553	0
3554	0
3555	0
3556	0
3557	0
3558	293
3559	671
3560	799
3561	835
3562	883
3563	952
3564	920
3565	791
3566	389
3567	435
3568	593
3569	656
3570	0
3571	0
3572	0
3573	0
3574	0
3575	0
3576	0
3577	0
3578	0
3579	0
3580	0
3581	0
3582	0
3583	469
3584	365
3585	585
3586	841
3587	946
3588	944
3589	959
3590	945
3591	828
3592	12
3593	6
3594	6
3595	0
3596	0
3597	0
3598	0
3599	0
3600	0
3601	0
3602	0
3603	0
3604	0
3605	0
3606	0
3607	0
3608	0
3609	146
3610	672
3611	554
3612	475
3613	803
3614	855
3615	280
3616	136
3617	445
3618	608
3619	258
3620	0
3621	0
3622	0
3623	0
3624	0
3625	0
3626	0
3627	0
3628	0
3629	0
3630	82
3631	286
3632	40
3633	283
3634	14
3635	256
3636	393
3637	531
3638	829
3639	208
3640	0
3641	0
3642	0
3643	0
3644	0
3645	0
3646	0
3647	0
3648	0
3649	0
3650	0
3651	0
3652	0
3653	0
3654	0
3655	4
3656	84
3657	389
3658	504
3659	565
3660	303
3661	183
3662	248
3663	442
3664	450
3665	67
3666	32
3667	0
3668	0
3669	0
3670	0
3671	0
3672	0
3673	0
3674	0
3675	0
3676	0
3677	0
3678	294
3679	684
3680	825
3681	807
3682	931
3683	801
3684	942
3685	955
3686	662
3687	35
3688	705
3689	754
3690	216
3691	2
3692	0
3693	0
3694	0
3695	0
3696	0
3697	0
3698	0
3699	0
3700	0
3701	0
3702	63
3703	87
3704	295
3705	316
3706	350
3707	60
3708	62
3709	145
3710	76
3711	103
3712	3
3713	0
3714	0
3715	0
3716	0
3717	0
3718	0
3719	0
3720	0
3721	0
3722	0
3723	0
3724	0
3725	0
3726	0
3727	1
3728	10
3729	1
3730	1
3731	2
3732	26
3733	12
3734	59
3735	6
3736	7
3737	220
3738	44
3739	24
3740	0
3741	0
3742	0
3743	0
3744	0
3745	0
3746	0
3747	0
3748	0
3749	0
3750	247
3751	622
3752	779
3753	865
3754	911
3755	931
3756	936
3757	930
3758	927
3759	881
3760	479
3761	649
3762	293
3763	219
3764	0
3765	0
3766	0
3767	0
3768	0
3769	0
3770	0
3771	0
3772	0
3773	1
3774	265
3775	651
3776	796
3777	860
3778	888
3779	905
3780	901
3781	485
3782	387
3783	215
3784	24
3785	1
3786	16
3787	9
3788	0
3789	0
3790	0
3791	0
3792	0
3793	0
3794	0
3795	0
3796	0
3797	2
3798	1
3799	31
3800	3
3801	3
3802	690
3803	460
3804	0
3805	21
3806	5
3807	0
3808	0
3809	0
3810	0
3811	0
3812	0
3813	0
3814	0
3815	0
3816	0
3817	0
3818	0
3819	0
3820	0
3821	0
3822	499
3823	794
3824	856
3825	531
3826	520
3827	911
3828	448
3829	1000
3830	958
3831	989
3832	958
3833	897
3834	783
3835	555
3836	0
3837	0
3838	0
3839	0
3840	0
3841	0
3842	0
3843	0
3844	0
3845	17
3846	509
3847	777
3848	865
3849	942
3850	981
3851	1001
3852	988
3853	1013
3854	1005
3855	988
3856	956
3857	900
3858	794
3859	570
3860	0
3861	0
3862	0
3863	0
3864	0
3865	0
3866	0
3867	0
3868	0
3869	14
3870	467
3871	707
3872	869
3873	947
3874	994
3875	1019
3876	1027
3877	1022
3878	1008
3879	977
3880	948
3881	893
3882	784
3883	574
3884	0
3885	0
3886	0
3887	0
3888	0
3889	0
3890	0
3891	0
3892	0
3893	0
3894	292
3895	676
3896	843
3897	909
3898	959
3899	992
3900	1009
3901	1017
3902	1005
3903	970
3904	939
3905	877
3906	763
3907	541
3908	0
3909	0
3910	0
3911	0
3912	0
3913	0
3914	0
3915	0
3916	0
3917	1
3918	331
3919	718
3920	856
3921	932
3922	967
3923	988
3924	998
3925	1002
3926	993
3927	989
3928	967
3929	919
3930	801
3931	544
3932	0
3933	0
3934	0
3935	0
3936	0
3937	0
3938	0
3939	0
3940	0
3941	0
3942	344
3943	743
3944	744
3945	641
3946	637
3947	821
3948	972
3949	887
3950	861
3951	278
3952	276
3953	2
3954	2
3955	1
3956	0
3957	0
3958	0
3959	0
3960	0
3961	0
3962	0
3963	0
3964	0
3965	1
3966	227
3967	585
3968	751
3969	829
3970	881
3971	896
3972	917
3973	210
3974	486
3975	78
3976	49
3977	197
3978	610
3979	312
3980	0
3981	0
3982	0
3983	0
3984	0
3985	0
3986	0
3987	0
3988	0
3989	0
3990	183
3991	666
3992	762
3993	525
3994	893
3995	951
3996	896
3997	443
3998	342
3999	336
4000	428
4001	582
4002	711
4003	534
4004	0
4005	0
4006	0
4007	0
4008	0
4009	0
4010	0
4011	0
4012	0
4013	1
4014	359
4015	777
4016	894
4017	955
4018	977
4019	992
4020	1003
4021	995
4022	986
4023	764
4024	552
4025	525
4026	719
4027	531
4028	0
4029	0
4030	0
4031	0
4032	0
4033	0
4034	0
4035	0
4036	0
4037	0
4038	323
4039	717
4040	851
4041	925
4042	967
4043	985
4044	992
4045	994
4046	988
4047	964
4048	932
4049	871
4050	766
4051	490
4052	0
4053	0
4054	0
4055	0
4056	0
4057	0
4058	0
4059	0
4060	0
4061	1
4062	324
4063	746
4064	894
4065	959
4066	993
4067	1009
4068	1017
4069	1018
4070	1005
4071	986
4072	956
4073	903
4074	795
4075	551
4076	0
4077	0
4078	0
4079	0
4080	0
4081	0
4082	0
4083	0
4084	0
4085	1
4086	352
4087	763
4088	887
4089	950
4090	984
4091	1002
4092	1013
4093	1014
4094	1004
4095	976
4096	948
4097	886
4098	786
4099	557
4100	0
4101	0
4102	0
4103	0
4104	0
4105	0
4106	0
4107	0
4108	0
4109	0
4110	336
4111	735
4112	838
4113	871
4114	894
4115	934
4116	879
4117	898
4118	858
4119	786
4120	825
4121	784
4122	562
4123	272
4124	0
4125	0
4126	0
4127	0
4128	0
4129	0
4130	0
4131	0
4132	0
4133	1
4134	147
4135	551
4136	716
4137	748
4138	686
4139	472
4140	424
4141	608
4142	732
4143	789
4144	352
4145	259
4146	164
4147	106
4148	0
4149	0
4150	0
4151	0
4152	0
4153	0
4154	0
4155	0
4156	0
4157	1
4158	288
4159	571
4160	304
4161	174
4162	625
4163	365
4164	369
4165	519
4166	554
4167	578
4168	853
4169	831
4170	757
4171	181
4172	0
4173	0
4174	0
4175	0
4176	0
4177	0
4178	0
4179	0
4180	0
4181	1
4182	94
4183	352
4184	567
4185	698
4186	822
4187	845
4188	727
4189	893
4190	895
4191	888
4192	871
4193	367
4194	11
4195	397
4196	0
4197	0
4198	0
4199	0
4200	0
4201	0
4202	0
4203	0
4204	0
4205	1
4206	197
4207	596
4208	767
4209	841
4210	889
4211	925
4212	942
4213	950
4214	942
4215	931
4216	894
4217	794
4218	672
4219	22
4220	0
4221	0
4222	0
4223	0
4224	0
4225	0
4226	0
4227	0
4228	0
4229	0
4230	270
4231	655
4232	794
4233	873
4234	914
4235	940
4236	963
4237	964
4238	959
4239	952
4240	538
4241	781
4242	675
4243	294
4244	0
4245	0
4246	0
4247	0
4248	0
4249	0
4250	0
4251	0
4252	0
4253	1
4254	259
4255	656
4256	798
4257	875
4258	920
4259	943
4260	956
4261	959
4262	945
4263	914
4264	875
4265	808
4266	395
4267	81
4268	0
4269	0
4270	0
4271	0
4272	0
4273	0
4274	0
4275	0
4276	0
4277	1
4278	272
4279	676
4280	808
4281	886
4282	925
4283	952
4284	966
4285	972
4286	954
4287	947
4288	918
4289	858
4290	293
4291	136
4292	0
4293	0
4294	0
4295	0
4296	0
4297	0
4298	0
4299	0
4300	0
4301	1
4302	218
4303	610
4304	754
4305	836
4306	886
4307	911
4308	924
4309	930
4310	777
4311	654
4312	167
4313	86
4314	7
4315	164
4316	0
4317	0
4318	0
4319	0
4320	0
4321	0
4322	0
4323	0
4324	0
4325	0
4326	123
4327	526
4328	669
4329	834
4330	892
4331	921
4332	927
4333	880
4334	236
4335	17
4336	71
4337	160
4338	413
4339	48
4340	0
4341	0
4342	0
4343	0
4344	0
4345	0
4346	0
4347	0
4348	0
4349	0
4350	1
4351	3
4352	5
4353	90
4354	328
4355	79
4356	555
4357	170
4358	248
4359	2
4360	24
4361	5
4362	1
4363	38
4364	3
4365	0
4366	0
4367	0
4368	0
4369	0
4370	0
4371	0
4372	0
4373	0
4374	102
4375	479
4376	700
4377	790
4378	842
4379	869
4380	711
4381	845
4382	643
4383	768
4384	717
4385	623
4386	591
4387	307
4388	12
4389	0
4390	0
4391	0
4392	0
4393	0
4394	0
4395	0
4396	0
4397	0
4398	296
4399	652
4400	799
4401	875
4402	914
4403	940
4404	953
4405	954
4406	946
4407	929
4408	895
4409	839
4410	731
4411	489
4412	48
4413	0
4414	0
4415	0
4416	0
4417	0
4418	0
4419	0
4420	0
4421	0
4422	284
4423	638
4424	781
4425	859
4426	891
4427	924
4428	945
4429	946
4430	940
4431	920
4432	887
4433	828
4434	717
4435	468
4436	41
4437	0
4438	0
4439	0
4440	0
4441	0
4442	0
4443	0
4444	0
4445	0
4446	293
4447	646
4448	790
4449	862
4450	905
4451	930
4452	886
4453	881
4454	903
4455	809
4456	797
4457	399
4458	280
4459	198
4460	0
4461	0
4462	0
4463	0
4464	0
4465	0
4466	0
4467	0
4468	0
4469	0
4470	0
4471	514
4472	680
4473	801
4474	577
4475	918
4476	923
4477	923
4478	777
4479	822
4480	607
4481	166
4482	0
4483	0
4484	0
4485	0
4486	0
4487	0
4488	0
4489	0
4490	0
4491	0
4492	0
4493	0
4494	0
4495	0
4496	737
4497	823
4498	898
4499	827
4500	662
4501	597
4502	475
4503	0
4504	0
4505	0
4506	0
4507	0
4508	0
4509	0
4510	0
4511	0
4512	0
4513	0
4514	0
4515	0
4516	0
4517	0
4518	0
4519	562
4520	674
4521	861
4522	903
4523	937
4524	939
4525	806
4526	903
4527	740
4528	89
4529	0
4530	0
4531	0
4532	0
4533	0
4534	0
4535	0
4536	0
4537	0
4538	0
4539	0
4540	0
4541	0
4542	0
4543	588
4544	714
4545	764
4546	665
4547	768
4548	601
4549	568
4550	296
4551	182
4552	0
4553	0
4554	0
4555	0
4556	0
4557	0
4558	0
4559	0
4560	0
4561	0
4562	0
4563	0
4564	0
4565	0
4566	0
4567	0
4568	0
4569	0
4570	0
4571	0
4572	674
4573	521
4574	696
4575	461
4576	656
4577	458
4578	255
4579	217
4580	18
4581	0
4582	0
4583	0
4584	0
4585	0
4586	0
4587	0
4588	0
4589	0
4590	0
4591	574
4592	756
4593	841
4594	884
4595	856
4596	930
4597	884
4598	845
4599	827
4600	793
4601	673
4602	166
4603	0
4604	0
4605	0
4606	0
4607	0
4608	0
4609	0
4610	0
4611	0
4612	0
4613	0
4614	0
4615	396
4616	729
4617	879
4618	852
4619	619
4620	963
4621	729
4622	837
4623	755
4624	698
4625	615
4626	326
4627	0
4628	0
4629	0
4630	0
4631	0
4632	0
4633	0
4634	0
4635	0
4636	0
4637	0
4638	0
4639	526
4640	726
4641	807
4642	854
4643	831
4644	766
4645	757
4646	530
4647	654
4648	524
4649	562
4650	239
4651	0
4652	0
4653	0
4654	0
4655	0
4656	0
4657	0
4658	0
4659	0
4660	0
4661	0
4662	0
4663	567
4664	733
4665	825
4666	855
4667	855
4668	841
4669	854
4670	807
4671	754
4672	758
4673	488
4674	557
4675	0
4676	0
4677	0
4678	0
4679	0
4680	0
4681	0
4682	0
4683	0
4684	0
4685	0
4686	0
4687	163
4688	471
4689	764
4690	758
4691	723
4692	576
4693	720
4694	207
4695	86
4696	210
4697	160
4698	0
4699	0
4700	0
4701	0
4702	0
4703	0
4704	0
4705	0
4706	0
4707	0
4708	0
4709	0
4710	0
4711	654
4712	776
4713	832
4714	901
4715	869
4716	877
4717	585
4718	775
4719	669
4720	331
4721	72
4722	6
4723	204
4724	0
4725	0
4726	0
4727	0
4728	0
4729	0
4730	0
4731	0
4732	0
4733	0
4734	5
4735	2
4736	2
4737	39
4738	354
4739	423
4740	527
4741	97
4742	110
4743	158
4744	559
4745	0
4746	6
4747	0
4748	0
4749	0
4750	0
4751	0
4752	0
4753	0
4754	0
4755	0
4756	0
4757	0
4758	0
4759	256
4760	658
4761	53
4762	293
4763	879
4764	942
4765	938
4766	756
4767	835
4768	891
4769	834
4770	718
4771	451
4772	23
4773	0
4774	0
4775	0
4776	0
4777	0
4778	0
4779	0
4780	0
4781	0
4782	200
4783	639
4784	794
4785	872
4786	922
4787	869
4788	661
4789	934
4790	931
4791	891
4792	473
4793	282
4794	275
4795	242
4796	30
4797	0
4798	0
4799	0
4800	0
4801	0
4802	0
4803	0
4804	0
4805	0
4806	206
4807	642
4808	808
4809	886
4810	928
4811	956
4812	970
4813	972
4814	973
4815	956
4816	919
4817	863
4818	687
4819	490
4820	28
4821	0
4822	0
4823	0
4824	0
4825	0
4826	0
4827	0
4828	0
4829	0
4830	203
4831	646
4832	794
4833	875
4834	922
4835	952
4836	966
4837	973
4838	992
4839	968
4840	919
4841	861
4842	738
4843	400
4844	0
4845	0
4846	0
4847	0
4848	0
4849	0
4850	0
4851	0
4852	0
4853	0
4854	120
4855	538
4856	745
4857	849
4858	893
4859	921
4860	926
4861	934
4862	944
4863	930
4864	885
4865	194
4866	626
4867	2
4868	0
4869	0
4870	0
4871	0
4872	0
4873	0
4874	0
4875	0
4876	0
4877	0
4878	172
4879	521
4880	744
4881	845
4882	891
4883	917
4884	930
4885	942
4886	941
4887	902
4888	550
4889	0
4890	0
4891	0
4892	0
4893	0
4894	0
4895	0
4896	0
4897	0
4898	0
4899	0
4900	0
4901	0
4902	1
4903	2
4904	86
4905	574
4906	890
4907	879
4908	953
4909	949
4910	955
4911	934
4912	901
4913	521
4914	47
4915	18
4916	0
4917	0
4918	0
4919	0
4920	0
4921	0
4922	0
4923	0
4924	0
4925	0
4926	2
4927	80
4928	652
4929	839
4930	681
4931	664
4932	656
4933	614
4934	650
4935	249
4936	203
4937	0
4938	3
4939	0
4940	0
4941	0
4942	0
4943	0
4944	0
4945	0
4946	0
4947	0
4948	0
4949	0
4950	85
4951	12
4952	419
4953	804
4954	596
4955	498
4956	168
4957	531
4958	740
4959	692
4960	148
4961	1
4962	0
4963	13
4964	0
4965	0
4966	0
4967	0
4968	0
4969	0
4970	0
4971	0
4972	0
4973	0
4974	2
4975	4
4976	393
4977	623
4978	343
4979	463
4980	234
4981	469
4982	784
4983	235
4984	169
4985	153
4986	309
4987	354
4988	23
4989	0
4990	0
4991	0
4992	0
4993	0
4994	0
4995	0
4996	0
4997	0
4998	0
4999	144
5000	609
5001	644
5002	735
5003	875
5004	908
5005	934
5006	937
5007	786
5008	874
5009	764
5010	379
5011	208
5012	0
5013	0
5014	0
5015	0
5016	0
5017	0
5018	0
5019	0
5020	0
5021	0
5022	128
5023	548
5024	731
5025	824
5026	870
5027	898
5028	916
5029	920
5030	903
5031	593
5032	21
5033	207
5034	619
5035	308
5036	3
5037	0
5038	0
5039	0
5040	0
5041	0
5042	0
5043	0
5044	0
5045	0
5046	130
5047	535
5048	720
5049	806
5050	856
5051	874
5052	819
5053	917
5054	893
5055	812
5056	847
5057	641
5058	134
5059	4
5060	0
5061	0
5062	0
5063	0
5064	0
5065	0
5066	0
5067	0
5068	0
5069	0
5070	59
5071	341
5072	394
5073	69
5074	186
5075	319
5076	10
5077	23
5078	326
5079	673
5080	576
5081	561
5082	3
5083	2
5084	1
5085	0
5086	0
5087	0
5088	0
5089	0
5090	0
5091	0
5092	0
5093	0
5094	103
5095	173
5096	248
5097	524
5098	596
5099	814
5100	911
5101	816
5102	946
5103	832
5104	849
5105	501
5106	234
5107	36
5108	8
5109	0
5110	0
5111	0
5112	0
5113	0
5114	0
5115	0
5116	0
5117	0
5118	196
5119	639
5120	810
5121	884
5122	924
5123	947
5124	964
5125	963
5126	962
5127	800
5128	564
5129	296
5130	288
5131	15
5132	3
5133	0
5134	0
5135	0
5136	0
5137	0
5138	0
5139	0
5140	0
5141	0
5142	194
5143	625
5144	824
5145	899
5146	935
5147	967
5148	976
5149	982
5150	825
5151	625
5152	548
5153	82
5154	25
5155	0
5156	1
5157	0
5158	0
5159	0
5160	0
5161	0
5162	0
5163	0
5164	0
5165	0
5166	105
5167	569
5168	759
5169	837
5170	886
5171	917
5172	941
5173	943
5174	780
5175	815
5176	657
5177	187
5178	89
5179	20
5180	0
5181	0
5182	0
5183	0
5184	0
5185	0
5186	0
5187	0
5188	0
5189	0
5190	48
5191	480
5192	426
5193	762
5194	894
5195	908
5196	810
5197	768
5198	600
5199	449
5200	676
5201	270
5202	149
5203	139
5204	1
5205	0
5206	0
5207	0
5208	0
5209	0
5210	0
5211	0
5212	0
5213	0
5214	99
5215	528
5216	590
5217	589
5218	746
5219	745
5220	573
5221	536
5222	490
5223	268
5224	285
5225	328
5226	412
5227	47
5228	0
5229	0
5230	0
5231	0
5232	0
5233	0
5234	0
5235	0
5236	0
5237	0
5238	104
5239	568
5240	794
5241	690
5242	880
5243	894
5244	814
5245	870
5246	894
5247	327
5248	593
5249	421
5250	471
5251	212
5252	1
5253	0
5254	0
5255	0
5256	0
5257	0
5258	0
5259	0
5260	0
5261	0
5262	24
5263	220
5264	631
5265	646
5266	821
5267	888
5268	869
5269	790
5270	841
5271	560
5272	604
5273	476
5274	64
5275	17
5276	0
5277	0
5278	0
5279	0
5280	0
5281	0
5282	0
5283	0
5284	0
5285	0
5286	15
5287	260
5288	480
5289	445
5290	818
5291	785
5292	770
5293	879
5294	773
5295	602
5296	660
5297	526
5298	333
5299	28
5300	0
5301	0
5302	0
5303	0
5304	0
5305	0
5306	0
5307	0
5308	0
5309	0
5310	18
5311	217
5312	234
5313	139
5314	294
5315	634
5316	627
5317	605
5318	731
5319	424
5320	562
5321	205
5322	102
5323	1
5324	0
5325	0
5326	0
5327	0
5328	0
5329	0
5330	0
5331	0
5332	0
5333	0
5334	30
5335	165
5336	618
5337	777
5338	844
5339	895
5340	836
5341	881
5342	866
5343	775
5344	719
5345	533
5346	496
5347	135
5348	0
5349	0
5350	0
5351	0
5352	0
5353	0
5354	0
5355	0
5356	0
5357	0
5358	28
5359	231
5360	519
5361	778
5362	810
5363	777
5364	843
5365	638
5366	636
5367	536
5368	118
5369	50
5370	150
5371	2
5372	0
5373	0
5374	0
5375	0
5376	0
5377	0
5378	0
5379	0
5380	0
5381	0
5382	39
5383	354
5384	675
5385	757
5386	830
5387	916
5388	897
5389	860
5390	580
5391	720
5392	694
5393	587
5394	413
5395	35
5396	0
5397	0
5398	0
5399	0
5400	0
5401	0
5402	0
5403	0
5404	0
5405	0
5406	10
5407	441
5408	646
5409	783
5410	854
5411	899
5412	821
5413	819
5414	568
5415	712
5416	652
5417	122
5418	186
5419	93
5420	0
5421	0
5422	0
5423	0
5424	0
5425	0
5426	0
5427	0
5428	0
5429	0
5430	100
5431	574
5432	779
5433	864
5434	880
5435	895
5436	911
5437	856
5438	796
5439	879
5440	790
5441	675
5442	638
5443	288
5444	0
5445	0
5446	0
5447	0
5448	0
5449	0
5450	0
5451	0
5452	0
5453	0
5454	79
5455	410
5456	684
5457	757
5458	902
5459	877
5460	903
5461	936
5462	897
5463	933
5464	818
5465	457
5466	527
5467	257
5468	0
5469	0
5470	0
5471	0
5472	0
5473	0
5474	0
5475	0
5476	0
5477	0
5478	140
5479	621
5480	807
5481	880
5482	928
5483	962
5484	894
5485	853
5486	925
5487	506
5488	486
5489	414
5490	347
5491	109
5492	0
5493	0
5494	0
5495	0
5496	0
5497	0
5498	0
5499	0
5500	0
5501	0
5502	27
5503	208
5504	391
5505	547
5506	475
5507	552
5508	693
5509	731
5510	830
5511	790
5512	672
5513	634
5514	456
5515	155
5516	0
5517	0
5518	0
5519	0
5520	0
5521	0
5522	0
5523	0
5524	0
5525	0
5526	13
5527	349
5528	406
5529	452
5530	269
5531	615
5532	695
5533	180
5534	358
5535	215
5536	120
5537	251
5538	25
5539	38
5540	0
5541	0
5542	0
5543	0
5544	0
5545	0
5546	0
5547	0
5548	0
5549	0
5550	98
5551	600
5552	798
5553	894
5554	935
5555	960
5556	972
5557	981
5558	920
5559	852
5560	857
5561	577
5562	564
5563	134
5564	0
5565	0
5566	0
5567	0
5568	0
5569	0
5570	0
5571	0
5572	0
5573	0
5574	24
5575	215
5576	527
5577	699
5578	648
5579	859
5580	929
5581	932
5582	923
5583	899
5584	799
5585	634
5586	469
5587	47
5588	0
5589	0
5590	0
5591	0
5592	0
5593	0
5594	0
5595	0
5596	0
5597	0
5598	6
5599	160
5600	218
5601	597
5602	590
5603	740
5604	825
5605	697
5606	694
5607	373
5608	86
5609	29
5610	16
5611	0
5612	0
5613	0
5614	0
5615	0
5616	0
5617	0
5618	0
5619	0
5620	0
5621	0
5622	8
5623	26
5624	3
5625	12
5626	261
5627	23
5628	273
5629	249
5630	266
5631	792
5632	423
5633	692
5634	442
5635	153
5636	0
5637	0
5638	0
5639	0
5640	0
5641	0
5642	0
5643	0
5644	0
5645	0
5646	11
5647	111
5648	546
5649	684
5650	760
5651	813
5652	858
5653	456
5654	638
5655	670
5656	320
5657	236
5658	28
5659	6
5660	0
5661	0
5662	0
5663	0
5664	0
5665	0
5666	0
5667	0
5668	0
5669	0
5670	45
5671	400
5672	499
5673	775
5674	748
5675	638
5676	780
5677	501
5678	844
5679	260
5680	531
5681	434
5682	129
5683	10
5684	0
5685	0
5686	0
5687	0
5688	0
5689	0
5690	0
5691	0
5692	0
5693	0
5694	4
5695	536
5696	215
5697	258
5698	853
5699	510
5700	785
5701	722
5702	131
5703	241
5704	64
5705	79
5706	3
5707	10
5708	0
5709	0
5710	0
5711	0
5712	0
5713	0
5714	0
5715	0
5716	0
5717	0
5718	24
5719	189
5720	712
5721	725
5722	860
5723	734
5724	886
5725	768
5726	716
5727	221
5728	171
5729	358
5730	101
5731	155
5732	0
5733	0
5734	0
5735	0
5736	0
5737	0
5738	0
5739	0
5740	0
5741	0
5742	22
5743	114
5744	49
5745	82
5746	362
5747	322
5748	158
5749	126
5750	137
5751	221
5752	463
5753	431
5754	302
5755	119
5756	0
5757	0
5758	0
5759	0
5760	0
5761	0
5762	0
5763	0
5764	0
5765	0
5766	3
5767	78
5768	276
5769	208
5770	73
5771	298
5772	416
5773	247
5774	372
5775	88
5776	365
5777	196
5778	2
5779	6
5780	0
5781	0
5782	0
5783	0
5784	0
5785	0
5786	0
5787	0
5788	0
5789	0
5790	39
5791	14
5792	259
5793	691
5794	557
5795	719
5796	852
5797	841
5798	776
5799	766
5800	796
5801	714
5802	425
5803	146
5804	0
5805	0
5806	0
5807	0
5808	0
5809	0
5810	0
5811	0
5812	0
5813	0
5814	24
5815	433
5816	694
5817	812
5818	871
5819	908
5820	869
5821	883
5822	537
5823	415
5824	559
5825	255
5826	204
5827	37
5828	0
5829	0
5830	0
5831	0
5832	0
5833	0
5834	0
5835	0
5836	0
5837	0
5838	2
5839	48
5840	704
5841	815
5842	868
5843	904
5844	918
5845	868
5846	885
5847	727
5848	449
5849	335
5850	274
5851	22
5852	0
5853	0
5854	0
5855	0
5856	0
5857	0
5858	0
5859	0
5860	0
5861	0
5862	19
5863	416
5864	694
5865	804
5866	863
5867	908
5868	920
5869	916
5870	908
5871	865
5872	824
5873	730
5874	470
5875	0
5876	0
5877	0
5878	0
5879	0
5880	0
5881	0
5882	0
5883	0
5884	0
5885	0
5886	9
5887	420
5888	680
5889	810
5890	867
5891	888
5892	898
5893	881
5894	903
5895	162
5896	0
5897	1
5898	89
5899	0
5900	0
5901	0
5902	0
5903	0
5904	0
5905	0
5906	0
5907	0
5908	0
5909	0
5910	1
5911	59
5912	32
5913	1
5914	5
5915	412
5916	181
5917	142
5918	210
5919	41
5920	331
5921	484
5922	381
5923	13
5924	0
5925	0
5926	0
5927	0
5928	0
5929	0
5930	0
5931	0
5932	0
5933	0
5934	0
5935	0
5936	304
5937	291
5938	145
5939	454
5940	544
5941	866
5942	726
5943	402
5944	96
5945	0
5946	1
5947	8
5948	0
5949	0
5950	0
5951	0
5952	0
5953	0
5954	0
5955	0
5956	0
5957	0
5958	4
5959	357
5960	127
5961	297
5962	846
5963	845
5964	877
5965	719
5966	606
5967	683
5968	849
5969	646
5970	0
5971	8
5972	0
5973	0
5974	0
5975	0
5976	0
5977	0
5978	0
5979	0
5980	0
5981	0
5982	0
5983	43
5984	19
5985	179
5986	6
5987	39
5988	67
5989	311
5990	268
5991	25
5992	18
5993	1
5994	58
5995	0
5996	0
5997	0
5998	0
5999	0
6000	0
6001	0
6002	0
6003	0
6004	0
6005	0
6006	0
6007	0
6008	0
6009	0
6010	1
6011	1
6012	3
6013	28
6014	97
6015	46
6016	72
6017	2
6018	2
6019	0
6020	0
6021	0
6022	0
6023	0
6024	0
6025	0
6026	0
6027	0
6028	0
6029	0
6030	0
6031	354
6032	583
6033	551
6034	691
6035	932
6036	951
6037	954
6038	954
6039	933
6040	884
6041	485
6042	543
6043	10
6044	0
6045	0
6046	0
6047	0
6048	0
6049	0
6050	0
6051	0
6052	0
6053	0
6054	0
6055	199
6056	9
6057	401
6058	892
6059	934
6060	957
6061	976
6062	962
6063	673
6064	484
6065	151
6066	103
6067	22
6068	0
6069	0
6070	0
6071	0
6072	0
6073	0
6074	0
6075	0
6076	0
6077	0
6078	9
6079	328
6080	521
6081	830
6082	881
6083	938
6084	954
6085	955
6086	859
6087	848
6088	776
6089	57
6090	64
6091	4
6092	0
6093	0
6094	0
6095	0
6096	0
6097	0
6098	0
6099	0
6100	0
6101	0
6102	3
6103	287
6104	635
6105	770
6106	840
6107	870
6108	890
6109	896
6110	735
6111	690
6112	385
6113	531
6114	334
6115	8
6116	0
6117	0
6118	0
6119	0
6120	0
6121	0
6122	0
6123	0
6124	0
6125	0
6126	18
6127	473
6128	750
6129	856
6130	918
6131	950
6132	960
6133	867
6134	650
6135	759
6136	544
6137	540
6138	108
6139	12
6140	0
6141	0
6142	0
6143	0
6144	0
6145	0
6146	0
6147	0
6148	0
6149	0
6150	12
6151	448
6152	668
6153	835
6154	914
6155	941
6156	959
6157	950
6158	903
6159	621
6160	121
6161	270
6162	107
6163	7
6164	0
6165	0
6166	0
6167	0
6168	0
6169	0
6170	0
6171	0
6172	0
6173	0
6174	5
6175	90
6176	363
6177	735
6178	661
6179	541
6180	780
6181	873
6182	703
6183	684
6184	530
6185	74
6186	51
6187	4
6188	0
6189	0
6190	0
6191	0
6192	0
6193	0
6194	0
6195	0
6196	0
6197	0
6198	0
6199	340
6200	614
6201	261
6202	808
6203	675
6204	816
6205	537
6206	488
6207	480
6208	554
6209	180
6210	2
6211	0
6212	0
6213	0
6214	0
6215	0
6216	0
6217	0
6218	0
6219	0
6220	0
6221	0
6222	0
6223	21
6224	610
6225	757
6226	854
6227	773
6228	887
6229	897
6230	885
6231	766
6232	657
6233	389
6234	195
6235	0
6236	0
6237	0
6238	0
6239	0
6240	0
6241	0
6242	0
6243	0
6244	0
6245	0
6246	0
6247	203
6248	501
6249	680
6250	792
6251	838
6252	857
6253	865
6254	877
6255	889
6256	828
6257	701
6258	338
6259	0
6260	0
6261	0
6262	0
6263	0
6264	0
6265	0
6266	0
6267	0
6268	0
6269	0
6270	0
6271	372
6272	714
6273	844
6274	907
6275	943
6276	964
6277	961
6278	955
6279	923
6280	855
6281	728
6282	377
6283	1
6284	0
6285	0
6286	0
6287	0
6288	0
6289	0
6290	0
6291	0
6292	0
6293	0
6294	0
6295	425
6296	783
6297	894
6298	953
6299	983
6300	999
6301	995
6302	967
6303	941
6304	901
6305	792
6306	399
6307	2
6308	0
6309	0
6310	0
6311	0
6312	0
6313	0
6314	0
6315	0
6316	0
6317	0
6318	0
6319	398
6320	730
6321	843
6322	893
6323	930
6324	944
6325	946
6326	931
6327	898
6328	836
6329	701
6330	318
6331	0
6332	0
6333	0
6334	0
6335	0
6336	0
6337	0
6338	0
6339	0
6340	0
6341	0
6342	0
6343	160
6344	397
6345	419
6346	361
6347	470
6348	369
6349	486
6350	569
6351	528
6352	328
6353	193
6354	135
6355	0
6356	0
6357	0
6358	0
6359	0
6360	0
6361	0
6362	0
6363	0
6364	0
6365	0
6366	0
6367	0
6368	3
6369	3
6370	8
6371	23
6372	26
6373	300
6374	24
6375	106
6376	13
6377	1
6378	11
6379	0
6380	0
6381	0
6382	0
6383	0
6384	0
6385	0
6386	0
6387	0
6388	0
6389	0
6390	0
6391	166
6392	192
6393	3
6394	91
6395	329
6396	442
6397	864
6398	893
6399	826
6400	589
6401	648
6402	259
6403	0
6404	0
6405	0
6406	0
6407	0
6408	0
6409	0
6410	0
6411	0
6412	0
6413	0
6414	0
6415	128
6416	348
6417	572
6418	840
6419	924
6420	959
6421	932
6422	914
6423	869
6424	844
6425	764
6426	337
6427	0
6428	0
6429	0
6430	0
6431	0
6432	0
6433	0
6434	0
6435	0
6436	0
6437	0
6438	0
6439	390
6440	778
6441	901
6442	963
6443	997
6444	1006
6445	997
6446	982
6447	952
6448	888
6449	751
6450	307
6451	0
6452	0
6453	0
6454	0
6455	0
6456	0
6457	0
6458	0
6459	0
6460	0
6461	0
6462	0
6463	396
6464	776
6465	904
6466	962
6467	993
6468	1001
6469	997
6470	992
6471	965
6472	917
6473	796
6474	305
6475	0
6476	0
6477	0
6478	0
6479	0
6480	0
6481	0
6482	0
6483	0
6484	0
6485	0
6486	0
6487	202
6488	702
6489	842
6490	897
6491	931
6492	942
6493	954
6494	960
6495	715
6496	456
6497	693
6498	147
6499	0
6500	0
6501	0
6502	0
6503	0
6504	0
6505	0
6506	0
6507	0
6508	0
6509	0
6510	0
6511	219
6512	582
6513	715
6514	797
6515	296
6516	778
6517	765
6518	869
6519	773
6520	270
6521	4
6522	0
6523	0
6524	0
6525	0
6526	0
6527	0
6528	0
6529	0
6530	0
6531	0
6532	0
6533	0
6534	0
6535	108
6536	564
6537	380
6538	215
6539	233
6540	636
6541	425
6542	74
6543	241
6544	243
6545	78
6546	73
6547	0
6548	0
6549	0
6550	0
6551	0
6552	0
6553	0
6554	0
6555	0
6556	0
6557	0
6558	0
6559	248
6560	658
6561	863
6562	886
6563	938
6564	966
6565	910
6566	715
6567	664
6568	577
6569	293
6570	149
6571	0
6572	0
6573	0
6574	0
6575	0
6576	0
6577	0
6578	0
6579	0
6580	0
6581	0
6582	0
6583	330
6584	636
6585	567
6586	662
6587	732
6588	762
6589	545
6590	290
6591	693
6592	469
6593	130
6594	0
6595	0
6596	0
6597	0
6598	0
6599	0
6600	0
6601	0
6602	0
6603	0
6604	0
6605	0
6606	0
6607	17
6608	33
6609	734
6610	819
6611	330
6612	297
6613	501
6614	726
6615	712
6616	724
6617	535
6618	120
6619	0
6620	0
6621	0
6622	0
6623	0
6624	0
6625	0
6626	0
6627	0
6628	0
6629	0
6630	0
6631	363
6632	738
6633	870
6634	932
6635	964
6636	977
6637	977
6638	962
6639	927
6640	858
6641	705
6642	257
6643	0
6644	0
6645	0
6646	0
6647	0
6648	0
6649	0
6650	0
6651	0
6652	0
6653	0
6654	0
6655	287
6656	688
6657	837
6658	907
6659	942
6660	956
6661	955
6662	937
6663	897
6664	818
6665	644
6666	187
6667	0
6668	0
6669	0
6670	0
6671	0
6672	0
6673	0
6674	0
6675	0
6676	0
6677	0
6678	0
6679	283
6680	687
6681	835
6682	905
6683	939
6684	953
6685	951
6686	933
6687	893
6688	813
6689	636
6690	171
6691	0
6692	0
6693	0
6694	0
6695	0
6696	0
6697	0
6698	0
6699	0
6700	0
6701	0
6702	0
6703	27
6704	18
6705	116
6706	66
6707	72
6708	66
6709	0
6710	64
6711	110
6712	0
6713	0
6714	0
6715	0
6716	0
6717	0
6718	0
6719	0
6720	0
6721	0
6722	0
6723	0
6724	0
6725	0
6726	0
6727	217
6728	650
6729	573
6730	633
6731	734
6732	707
6733	734
6734	919
6735	876
6736	790
6737	596
6738	134
6739	0
6740	0
6741	0
6742	0
6743	0
6744	0
6745	0
6746	0
6747	0
6748	0
6749	0
6750	0
6751	219
6752	642
6753	806
6754	882
6755	920
6756	935
6757	932
6758	911
6759	865
6760	775
6761	567
6762	98
6763	0
6764	0
6765	0
6766	0
6767	0
6768	0
6769	0
6770	0
6771	0
6772	0
6773	0
6774	0
6775	250
6776	720
6777	858
6778	786
6779	954
6780	638
6781	667
6782	386
6783	428
6784	834
6785	662
6786	182
6787	0
6788	0
6789	0
6790	0
6791	0
6792	0
6793	0
6794	0
6795	0
6796	0
6797	0
6798	0
6799	98
6800	394
6801	495
6802	378
6803	340
6804	560
6805	731
6806	544
6807	544
6808	644
6809	334
6810	53
6811	0
6812	0
6813	0
6814	0
6815	0
6816	0
6817	0
6818	0
6819	0
6820	0
6821	0
6822	0
6823	0
6824	0
6825	95
6826	0
6827	0
6828	424
6829	187
6830	248
6831	709
6832	776
6833	655
6834	152
6835	0
6836	0
6837	0
6838	0
6839	0
6840	0
6841	0
6842	0
6843	0
6844	0
6845	0
6846	0
6847	357
6848	786
6849	920
6850	981
6851	1010
6852	1022
6853	1020
6854	1004
6855	967
6856	894
6857	722
6858	199
6859	0
6860	0
6861	0
6862	0
6863	0
6864	0
6865	0
6866	0
6867	0
6868	0
6869	0
6870	0
6871	277
6872	720
6873	873
6874	942
6875	975
6876	989
6877	987
6878	969
6879	928
6880	844
6881	649
6882	139
6883	0
6884	0
6885	0
6886	0
6887	0
6888	0
6889	0
6890	0
6891	0
6892	0
6893	0
6894	0
6895	337
6896	771
6897	908
6898	970
6899	1001
6900	1013
6901	1011
6902	994
6903	957
6904	882
6905	704
6906	174
6907	0
6908	0
6909	0
6910	0
6911	0
6912	0
6913	0
6914	0
6915	0
6916	0
6917	0
6918	0
6919	136
6920	616
6921	796
6922	879
6923	919
6924	935
6925	825
6926	541
6927	705
6928	760
6929	528
6930	66
6931	0
6932	0
6933	0
6934	0
6935	0
6936	0
6937	0
6938	0
6939	0
6940	0
6941	0
6942	0
6943	232
6944	686
6945	848
6946	921
6947	957
6948	971
6949	969
6950	949
6951	906
6952	816
6953	604
6954	100
6955	0
6956	0
6957	0
6958	0
6959	0
6960	0
6961	0
6962	0
6963	0
6964	0
6965	0
6966	0
6967	257
6968	580
6969	869
6970	939
6971	973
6972	986
6973	985
6974	966
6975	925
6976	839
6977	634
6978	114
6979	0
6980	0
6981	0
6982	0
6983	0
6984	0
6985	0
6986	0
6987	0
6988	0
6989	0
6990	0
6991	290
6992	749
6993	895
6994	959
6995	981
6996	1003
6997	1001
6998	656
6999	944
7000	863
7001	660
7002	129
7003	0
7004	0
7005	0
7006	0
7007	0
7008	0
7009	0
7010	0
7011	0
7012	0
7013	0
7014	0
7015	83
7016	110
7017	0
7018	0
7019	473
7020	498
7021	582
7022	582
7023	763
7024	420
7025	444
7026	66
7027	0
7028	0
7029	0
7030	0
7031	0
7032	0
7033	0
7034	0
7035	0
7036	0
7037	0
7038	0
7039	283
7040	748
7041	889
7042	957
7043	988
7044	982
7045	999
7046	981
7047	942
7048	862
7049	665
7050	123
7051	0
7052	0
7053	0
7054	0
7055	0
7056	0
7057	0
7058	0
7059	0
7060	0
7061	0
7062	0
7063	220
7064	600
7065	494
7066	683
7067	631
7068	128
7069	0
7070	59
7071	0
7072	0
7073	0
7074	0
7075	0
7076	0
7077	0
7078	0
7079	0
7080	0
7081	0
7082	0
7083	0
7084	0
7085	0
7086	0
7087	212
7088	694
7089	854
7090	925
7091	960
7092	251
7093	972
7094	456
7095	835
7096	0
7097	34
7098	7
7099	0
7100	0
7101	0
7102	0
7103	0
7104	0
7105	0
7106	0
7107	0
7108	0
7109	0
7110	0
7111	16
7112	56
7113	0
7114	99
7115	80
7116	109
7117	158
7118	0
7119	0
7120	269
7121	0
7122	0
7123	0
7124	0
7125	0
7126	0
7127	0
7128	0
7129	0
7130	0
7131	0
7132	0
7133	0
7134	0
7135	0
7136	0
7137	0
7138	0
7139	0
7140	179
7141	0
7142	0
7143	96
7144	25
7145	0
7146	1
7147	0
7148	0
7149	0
7150	0
7151	0
7152	0
7153	0
7154	0
7155	0
7156	0
7157	0
7158	0
7159	138
7160	618
7161	813
7162	899
7163	931
7164	956
7165	953
7166	930
7167	878
7168	768
7169	498
7170	34
7171	0
7172	0
7173	0
7174	0
7175	0
7176	0
7177	0
7178	0
7179	0
7180	0
7181	0
7182	0
7183	239
7184	744
7185	903
7186	972
7187	1005
7188	799
7189	1016
7190	941
7191	955
7192	838
7193	579
7194	4
7195	0
7196	0
7197	0
7198	0
7199	0
7200	0
7201	0
7202	0
7203	0
7204	0
7205	0
7206	0
7207	36
7208	577
7209	807
7210	895
7211	937
7212	954
7213	951
7214	926
7215	872
7216	758
7217	475
7218	27
7219	0
7220	0
7221	0
7222	0
7223	0
7224	0
7225	0
7226	0
7227	0
7228	0
7229	0
7230	0
7231	176
7232	661
7233	788
7234	656
7235	891
7236	64
7237	69
7238	156
7239	320
7240	337
7241	516
7242	51
7243	0
7244	0
7245	0
7246	0
7247	0
7248	0
7249	0
7250	0
7251	0
7252	0
7253	0
7254	0
7255	180
7256	690
7257	867
7258	943
7259	979
7260	993
7261	990
7262	969
7263	923
7264	825
7265	140
7266	7
7267	0
7268	0
7269	0
7270	0
7271	0
7272	0
7273	0
7274	0
7275	0
7276	0
7277	0
7278	0
7279	146
7280	650
7281	840
7282	921
7283	960
7284	975
7285	972
7286	950
7287	901
7288	796
7289	525
7290	34
7291	0
7292	0
7293	0
7294	0
7295	0
7296	0
7297	0
7298	0
7299	0
7300	0
7301	0
7302	0
7303	121
7304	748
7305	804
7306	948
7307	993
7308	962
7309	999
7310	951
7311	799
7312	662
7313	0
7314	0
7315	0
7316	0
7317	0
7318	0
7319	0
7320	0
7321	0
7322	0
7323	0
7324	0
7325	0
7326	0
7327	0
7328	0
7329	82
7330	6
7331	309
7332	686
7333	951
7334	975
7335	969
7336	798
7337	583
7338	0
7339	0
7340	0
7341	0
7342	0
7343	0
7344	0
7345	0
7346	0
7347	0
7348	0
7349	0
7350	0
7351	0
7352	598
7353	541
7354	484
7355	381
7356	168
7357	257
7358	214
7359	746
7360	809
7361	579
7362	0
7363	0
7364	0
7365	0
7366	0
7367	0
7368	0
7369	0
7370	0
7371	0
7372	0
7373	0
7374	0
7375	0
7376	0
7377	57
7378	0
7379	0
7380	0
7381	6
7382	89
7383	18
7384	6
7385	34
7386	0
7387	0
7388	0
7389	0
7390	0
7391	0
7392	0
7393	0
7394	0
7395	0
7396	0
7397	0
7398	0
7399	0
7400	835
7401	946
7402	992
7403	981
7404	968
7405	957
7406	766
7407	910
7408	847
7409	568
7410	0
7411	0
7412	0
7413	0
7414	0
7415	0
7416	0
7417	0
7418	0
7419	0
7420	0
7421	0
7422	0
7423	0
7424	832
7425	902
7426	943
7427	987
7428	1035
7429	1011
7430	850
7431	751
7432	812
7433	545
7434	0
7435	0
7436	0
7437	0
7438	0
7439	0
7440	0
7441	0
7442	0
7443	0
7444	0
7445	0
7446	0
7447	0
7448	625
7449	859
7450	968
7451	1023
7452	1035
7453	993
7454	879
7455	616
7456	573
7457	355
7458	0
7459	0
7460	0
7461	0
7462	0
7463	0
7464	0
7465	0
7466	0
7467	0
7468	0
7469	0
7470	0
7471	0
7472	0
7473	0
7474	0
7475	563
7476	96
7477	0
7478	315
7479	147
7480	0
7481	24
7482	0
7483	0
7484	0
7485	0
7486	0
7487	0
7488	0
7489	0
7490	0
7491	0
7492	0
7493	0
7494	0
7495	0
7496	537
7497	519
7498	0
7499	0
7500	6
7501	6
7502	0
7503	0
7504	0
7505	0
7506	0
7507	0
7508	0
7509	0
7510	0
7511	0
7512	0
7513	0
7514	0
7515	0
7516	0
7517	0
7518	0
7519	0
7520	0
7521	0
7522	0
7523	0
7524	6
7525	6
7526	0
7527	0
7528	0
7529	0
7530	0
7531	0
7532	0
7533	0
7534	0
7535	0
7536	0
7537	0
7538	0
7539	0
7540	0
7541	0
7542	0
7543	0
7544	0
7545	19
7546	227
7547	582
7548	0
7549	251
7550	689
7551	18
7552	611
7553	491
7554	0
7555	0
7556	0
7557	0
7558	0
7559	0
7560	0
7561	0
7562	0
7563	0
7564	0
7565	0
7566	0
7567	0
7568	608
7569	857
7570	927
7571	933
7572	914
7573	987
7574	986
7575	955
7576	746
7577	367
7578	0
7579	0
7580	0
7581	0
7582	0
7583	0
7584	0
7585	0
7586	0
7587	0
7588	0
7589	0
7590	0
7591	0
7592	499
7593	514
7594	761
7595	751
7596	548
7597	760
7598	641
7599	685
7600	779
7601	374
7602	0
7603	0
7604	0
7605	0
7606	0
7607	0
7608	0
7609	0
7610	0
7611	0
7612	0
7613	0
7614	0
7615	0
7616	190
7617	782
7618	946
7619	782
7620	193
7621	795
7622	962
7623	755
7624	90
7625	284
7626	0
7627	0
7628	0
7629	0
7630	0
7631	0
7632	0
7633	0
7634	0
7635	0
7636	0
7637	0
7638	0
7639	0
7640	668
7641	840
7642	841
7643	855
7644	915
7645	819
7646	861
7647	591
7648	699
7649	169
7650	0
7651	0
7652	0
7653	0
7654	0
7655	0
7656	0
7657	0
7658	0
7659	0
7660	0
7661	0
7662	0
7663	0
7664	542
7665	803
7666	885
7667	885
7668	764
7669	969
7670	938
7671	738
7672	760
7673	444
7674	0
7675	0
7676	0
7677	0
7678	0
7679	0
7680	0
7681	0
7682	0
7683	0
7684	0
7685	0
7686	0
7687	0
7688	586
7689	842
7690	596
7691	873
7692	897
7693	933
7694	801
7695	644
7696	597
7697	361
7698	0
7699	0
7700	0
7701	0
7702	0
7703	0
7704	0
7705	0
7706	0
7707	0
7708	0
7709	0
7710	0
7711	0
7712	481
7713	875
7714	873
7715	697
7716	770
7717	927
7718	760
7719	878
7720	838
7721	466
7722	0
7723	0
7724	0
7725	0
7726	0
7727	0
7728	0
7729	0
7730	0
7731	0
7732	0
7733	0
7734	0
7735	0
7736	764
7737	889
7738	953
7739	982
7740	963
7741	885
7742	932
7743	936
7744	764
7745	464
7746	0
7747	0
7748	0
7749	0
7750	0
7751	0
7752	0
7753	0
7754	0
7755	0
7756	0
7757	0
7758	0
7759	0
7760	145
7761	851
7762	849
7763	970
7764	993
7765	951
7766	961
7767	948
7768	820
7769	470
7770	0
7771	0
7772	0
7773	0
7774	0
7775	0
7776	0
7777	0
7778	0
7779	0
7780	0
7781	0
7782	0
7783	0
7784	32
7785	135
7786	154
7787	158
7788	156
7789	156
7790	154
7791	158
7792	135
7793	79
7794	0
7795	0
7796	0
7797	0
7798	0
7799	0
7800	0
7801	0
7802	0
7803	0
7804	0
7805	0
7806	0
7807	0
7808	74
7809	841
7810	905
7811	965
7812	1011
7813	981
7814	937
7815	865
7816	690
7817	307
7818	0
7819	0
7820	0
7821	0
7822	0
7823	0
7824	0
7825	0
7826	0
7827	0
7828	0
7829	0
7830	0
7831	0
7832	207
7833	842
7834	924
7835	922
7836	819
7837	789
7838	392
7839	134
7840	465
7841	118
7842	0
7843	0
7844	0
7845	0
7846	0
7847	0
7848	0
7849	0
7850	0
7851	0
7852	0
7853	0
7854	0
7855	0
7856	537
7857	882
7858	881
7859	838
7860	867
7861	891
7862	890
7863	906
7864	801
7865	383
7866	0
7867	0
7868	0
7869	0
7870	0
7871	0
7872	0
7873	0
7874	0
7875	0
7876	0
7877	0
7878	0
7879	0
7880	544
7881	664
7882	629
7883	747
7884	524
7885	610
7886	380
7887	450
7888	364
7889	256
7890	0
7891	0
7892	0
7893	0
7894	0
7895	0
7896	0
7897	0
7898	0
7899	0
7900	0
7901	0
7902	0
7903	0
7904	232
7905	781
7906	882
7907	947
7908	837
7909	939
7910	866
7911	742
7912	705
7913	151
7914	0
7915	0
7916	0
7917	0
7918	0
7919	0
7920	0
7921	0
7922	0
7923	0
7924	0
7925	0
7926	0
7927	0
7928	262
7929	491
7930	833
7931	856
7932	879
7933	897
7934	777
7935	888
7936	739
7937	331
7938	0
7939	0
7940	0
7941	0
7942	0
7943	0
7944	0
7945	0
7946	0
7947	0
7948	0
7949	0
7950	0
7951	0
7952	787
7953	887
7954	926
7955	887
7956	759
7957	873
7958	902
7959	847
7960	789
7961	274
7962	0
7963	0
7964	0
7965	0
7966	0
7967	0
7968	0
7969	0
7970	0
7971	0
7972	0
7973	0
7974	0
7975	0
7976	126
7977	745
7978	704
7979	844
7980	367
7981	784
7982	777
7983	683
7984	693
7985	334
7986	0
7987	0
7988	0
7989	0
7990	0
7991	0
7992	0
7993	0
7994	0
7995	0
7996	0
7997	0
7998	0
7999	0
8000	0
8001	143
8002	581
8003	425
8004	705
8005	461
8006	0
8007	64
8008	492
8009	341
8010	0
8011	0
8012	0
8013	0
8014	0
8015	0
8016	0
8017	0
8018	0
8019	0
8020	0
8021	0
8022	0
8023	0
8024	0
8025	266
8026	636
8027	0
8028	132
8029	544
8030	368
8031	134
8032	458
8033	94
8034	0
8035	0
8036	0
8037	0
8038	0
8039	0
8040	0
8041	0
8042	0
8043	0
8044	0
8045	0
8046	0
8047	0
8048	0
8049	0
8050	711
8051	863
8052	765
8053	909
8054	896
8055	835
8056	693
8057	281
8058	0
8059	0
8060	0
8061	0
8062	0
8063	0
8064	0
8065	0
8066	0
8067	0
8068	0
8069	0
8070	0
8071	0
8072	0
8073	280
8074	0
8075	0
8076	66
8077	0
8078	0
8079	0
8080	11
8081	0
8082	0
8083	0
8084	0
8085	0
8086	0
8087	0
8088	0
8089	0
8090	0
8091	0
8092	0
8093	0
8094	0
8095	0
8096	0
8097	346
8098	470
8099	492
8100	705
8101	903
8102	908
8103	847
8104	760
8105	404
8106	0
8107	0
8108	0
8109	0
8110	0
8111	0
8112	0
8113	0
8114	0
8115	0
8116	0
8117	0
8118	0
8119	0
8120	0
8121	797
8122	829
8123	784
8124	916
8125	873
8126	783
8127	800
8128	743
8129	412
8130	0
8131	0
8132	0
8133	0
8134	0
8135	0
8136	0
8137	0
8138	0
8139	0
8140	0
8141	0
8142	0
8143	0
8144	0
8145	393
8146	799
8147	857
8148	621
8149	850
8150	878
8151	742
8152	631
8153	285
8154	0
8155	0
8156	0
8157	0
8158	0
8159	0
8160	0
8161	0
8162	0
8163	0
8164	0
8165	0
8166	0
8167	0
8168	0
8169	702
8170	551
8171	109
8172	307
8173	6
8174	0
8175	58
8176	28
8177	0
8178	0
8179	0
8180	0
8181	0
8182	0
8183	0
8184	0
8185	0
8186	0
8187	0
8188	0
8189	0
8190	0
8191	0
8192	0
8193	0
8194	0
8195	0
8196	0
8197	311
8198	0
8199	0
8200	207
8201	72
8202	0
8203	0
8204	0
8205	0
8206	0
8207	0
8208	0
8209	0
8210	0
8211	0
8212	0
8213	0
8214	0
8215	0
8216	0
8217	441
8218	799
8219	991
8220	826
8221	538
8222	658
8223	175
8224	296
8225	0
8226	0
8227	0
8228	0
8229	0
8230	0
8231	0
8232	0
8233	0
8234	0
8235	0
8236	0
8237	0
8238	0
8239	0
8240	0
8241	850
8242	856
8243	608
8244	675
8245	706
8246	783
8247	578
8248	56
8249	98
8250	0
8251	0
8252	0
8253	0
8254	0
8255	0
8256	0
8257	0
8258	0
8259	0
8260	0
8261	0
8262	0
8263	0
8264	0
8265	765
8266	707
8267	146
8268	759
8269	951
8270	813
8271	275
8272	687
8273	415
8274	0
8275	0
8276	0
8277	0
8278	0
8279	0
8280	0
8281	0
8282	0
8283	0
8284	0
8285	0
8286	0
8287	0
8288	0
8289	879
8290	955
8291	986
8292	1001
8293	945
8294	908
8295	905
8296	766
8297	403
8298	0
8299	0
8300	0
8301	0
8302	0
8303	0
8304	0
8305	0
8306	0
8307	0
8308	0
8309	0
8310	0
8311	0
8312	0
8313	880
8314	919
8315	931
8316	958
8317	993
8318	979
8319	917
8320	805
8321	413
8322	0
8323	0
8324	0
8325	0
8326	0
8327	0
8328	0
8329	0
8330	0
8331	0
8332	0
8333	0
8334	0
8335	0
8336	0
8337	875
8338	950
8339	986
8340	1001
8341	999
8342	973
8343	894
8344	733
8345	397
8346	0
8347	0
8348	0
8349	0
8350	0
8351	0
8352	0
8353	0
8354	0
8355	0
8356	0
8357	0
8358	0
8359	0
8360	0
8361	856
8362	919
8363	846
8364	953
8365	988
8366	932
8367	859
8368	767
8369	394
8370	0
8371	0
8372	0
8373	0
8374	0
8375	0
8376	0
8377	0
8378	0
8379	0
8380	0
8381	0
8382	0
8383	0
8384	0
8385	771
8386	913
8387	926
8388	953
8389	928
8390	908
8391	690
8392	341
8393	217
8394	0
8395	0
8396	0
8397	0
8398	0
8399	0
8400	0
8401	0
8402	0
8403	0
8404	0
8405	0
8406	0
8407	0
8408	0
8409	546
8410	864
8411	980
8412	1001
8413	1000
8414	973
8415	929
8416	795
8417	441
8418	0
8419	0
8420	0
8421	0
8422	0
8423	0
8424	0
8425	0
8426	0
8427	0
8428	0
8429	0
8430	0
8431	0
8432	0
8433	473
8434	783
8435	987
8436	1007
8437	1000
8438	819
8439	433
8440	515
8441	355
8442	0
8443	0
8444	0
8445	0
8446	0
8447	0
8448	0
8449	0
8450	0
8451	0
8452	0
8453	0
8454	0
8455	0
8456	0
8457	868
8458	939
8459	987
8460	989
8461	982
8462	950
8463	836
8464	723
8465	431
8466	0
8467	0
8468	0
8469	0
8470	0
8471	0
8472	0
8473	0
8474	0
8475	0
8476	0
8477	0
8478	0
8479	0
8480	0
8481	368
8482	641
8483	883
8484	905
8485	862
8486	867
8487	900
8488	825
8489	438
8490	0
8491	0
8492	0
8493	0
8494	0
8495	0
8496	0
8497	0
8498	0
8499	0
8500	0
8501	0
8502	0
8503	0
8504	0
8505	596
8506	566
8507	146
8508	0
8509	0
8510	0
8511	0
8512	0
8513	0
8514	0
8515	0
8516	0
8517	0
8518	0
8519	0
8520	0
8521	0
8522	0
8523	0
8524	0
8525	0
8526	0
8527	0
8528	0
8529	858
8530	946
8531	981
8532	1001
8533	1000
8534	926
8535	877
8536	736
8537	460
8538	0
8539	0
8540	0
8541	0
8542	0
8543	0
8544	0
8545	0
8546	0
8547	0
8548	0
8549	0
8550	0
8551	0
8552	0
8553	805
8554	940
8555	981
8556	989
8557	970
8558	932
8559	889
8560	804
8561	458
8562	0
8563	0
8564	0
8565	0
8566	0
8567	0
8568	0
8569	0
8570	0
8571	0
8572	0
8573	0
8574	0
8575	0
8576	0
8577	860
8578	940
8579	975
8580	953
8581	928
8582	932
8583	860
8584	725
8585	452
8586	0
8587	0
8588	0
8589	0
8590	0
8591	0
8592	0
8593	0
8594	0
8595	0
8596	0
8597	0
8598	0
8599	0
8600	0
8601	0
8602	0
8603	0
8604	0
8605	0
8606	0
8607	0
8608	208
8609	254
8610	0
8611	0
8612	0
8613	0
8614	0
8615	0
8616	0
8617	0
8618	0
8619	0
8620	0
8621	0
8622	0
8623	0
8624	0
8625	781
8626	904
8627	884
8628	724
8629	898
8630	927
8631	902
8632	794
8633	434
8634	0
8635	0
8636	0
8637	0
8638	0
8639	0
8640	0
8641	0
8642	0
8643	0
8644	0
8645	0
8646	0
8647	0
8648	0
8649	728
8650	916
8651	982
8652	990
8653	988
8654	986
8655	896
8656	834
8657	478
8658	0
8659	0
8660	0
8661	0
8662	0
8663	0
8664	0
8665	0
8666	0
8667	0
8668	0
8669	0
8670	0
8671	0
8672	307
8673	863
8674	948
8675	823
8676	453
8677	48
8678	440
8679	638
8680	654
8681	231
8682	0
8683	0
8684	0
8685	0
8686	0
8687	0
8688	0
8689	0
8690	0
8691	0
8692	0
8693	0
8694	0
8695	0
8696	302
8697	857
8698	948
8699	976
8700	990
8701	958
8702	974
8703	920
8704	824
8705	502
8706	0
8707	0
8708	0
8709	0
8710	0
8711	0
8712	0
8713	0
8714	0
8715	0
8716	0
8717	0
8718	0
8719	0
8720	297
8721	851
8722	910
8723	939
8724	869
8725	952
8726	933
8727	879
8728	808
8729	496
8730	0
8731	0
8732	0
8733	0
8734	0
8735	0
8736	0
8737	0
8738	0
8739	0
8740	0
8741	0
8742	0
8743	0
8744	296
8745	859
8746	948
8747	994
8748	1008
8749	1012
8750	992
8751	944
8752	842
8753	466
8754	0
8755	0
8756	0
8757	0
8758	0
8759	0
8760	0
