#1			
double storageData(392, 4)			
0	1048.15	1.00E-20	1000
0.333333333	1032.503385	1.00E-20	1000
0.666666667	1017.18103	1.00E-20	1000
1	1002.176216	1.00E-20	1000
1.333333333	987.4823613	1.00E-20	1000
1.666666667	973.0930224	1.00E-20	1000
2	959.0018882	1.00E-20	1000
2.333333333	945.2027786	1.00E-20	1000
2.666666667	931.6896417	1.00E-20	1000
3	918.4565509	1.00E-20	1000
3.333333333	905.5083892	1.00E-20	1000
3.666666667	892.8178786	1.00E-20	1000
4	880.390366	1.00E-20	1000
4.333333333	868.2204012	1.00E-20	1000
4.666666667	856.3026466	1.00E-20	1000
5	844.6318755	1.00E-20	1000
5.333333333	833.2029693	1.00E-20	1000
5.666666667	822.0109158	1.00E-20	1000
6	811.0508062	1.00E-20	1000
6.333333333	800.3178339	1.00E-20	1000
6.666666667	789.8072916	1.00E-20	1000
7	779.5145698	1.00E-20	1000
7.333333333	769.4351542	1.00E-20	1000
7.666666667	759.5646243	1.00E-20	1000
8	749.8986512	1.00E-20	1000
8.333333333	740.4329957	1.00E-20	1000
8.666666667	731.1635063	1.00E-20	1000
9	722.0861178	1.00E-20	1000
9.333333333	713.196849	1.00E-20	1000
9.666666667	704.4918013	1.00E-20	1000
10	695.967157	1.00E-20	1000
11	671.4386431	1.00E-20	1000
11.33333333	1072.795797	1.00E-20	7555.556
11.66666667	1072.730408	1.00E-20	14111.112
12	1072.614017	1.00E-20	20666.668
12.33333333	1072.474939	1.00E-20	27222.224
12.66666667	1072.310519	1.00E-20	33777.78
13	1072.133399	1.00E-20	40333.336
13.33333333	1071.950254	1.00E-20	46888.892
13.66666667	1071.766819	1.00E-20	53444.448
14	1071.583812	1.00E-20	60000.004
14.33333333	1071.405315	1.00E-20	66555.56
14.66666667	1071.227729	1.00E-20	73111.116
15	1071.054862	1.00E-20	79666.672
15.33333333	1070.88354	1.00E-20	86222.228
15.66666667	1070.715336	1.00E-20	92777.784
16	1070.548884	1.00E-20	99333.34
16.33333333	1070.381815	1.00E-20	105888.896
16.66666667	1070.136295	1.00E-20	112444.452
17	1069.88109	1.00E-20	119000.008
17.33333333	1069.60637	1.00E-20	119000
17.66666667	1069.313983	1.00E-20	119000
18	1069.006306	1.00E-20	119000
18.33333333	1068.686876	1.00E-20	119000
18.66666667	1068.357121	1.00E-20	119000
19	1068.017496	1.00E-20	119000
19.33333333	1067.668132	1.00E-20	119000
19.66666667	1067.311286	1.00E-20	119000
20	1066.947591	1.00E-20	119000
20.33333333	1066.577472	1.00E-20	119000
20.66666667	1066.202149	1.00E-20	119000
21	1065.821068	1.00E-20	119000
21.33333333	1065.43568	1.00E-20	119000
21.66666667	1065.045595	1.00E-20	119000
22	1064.651155	1.00E-20	119000
22.33333333	1064.253705	1.00E-20	119000
22.66666667	1063.852944	1.00E-20	119000
23	1063.44905	1.00E-20	119000
23.33333333	1063.041926	1.00E-20	119000
23.66666667	1062.632056	1.00E-20	119000
24	1062.219507	1.00E-20	119000
24.33333333	1061.804032	1.00E-20	119000
24.66666667	1061.385664	1.00E-20	119000
25	1060.96434	1.00E-20	119000
25.33333333	1060.539976	1.00E-20	119000
25.66666667	1060.112458	1.00E-20	119000
26	1059.681655	1.00E-20	119000
26.33333333	1059.24757	1.00E-20	119000
26.66666667	1068.416793	1.00E-20	119000
27	1072.515019	1.00E-20	119000
27.33333333	1073.057135	5.00E+00	114083.333
27.66666667	1072.655942	5.00E+00	109166.666
28	1061.788833	5.00E+00	104249.999
28.33333333	1043.703713	5.00E+00	99333.332
28.66666667	1047.596389	5.00E+00	94416.665
29	1047.651533	5.00E+00	89499.998
29.33333333	1047.513701	5.00E+00	84583.331
29.66666667	1046.25344	5.00E+00	79666.664
30	1046.272667	5.00E+00	74749.997
30.33333333	1046.162864	5.00E+00	69833.33
30.66666667	1046.136231	5.00E+00	64916.663
31	1046.186719	5.00E+00	59999.996
31.33333333	1046.284807	5.00E+00	55083.329
31.66666667	1046.438507	5.00E+00	50166.662
32	1046.709724	5.00E+00	45249.995
32.33333333	1046.884377	5.00E+00	40333.328
32.66666667	1047.148023	5.00E+00	35416.661
33	1047.367519	5.00E+00	30499.994
33.33333333	1047.640077	5.00E+00	25583.327
33.66666667	1048.23853	5.00E+00	20666.66
34	1048.551024	5.00E+00	15749.993
34.33333333	1048.961281	5.00E+00	10833.326
34.66666667	1049.396481	5.00E+00	5916.659
35	1049.933403	5.00E+00	1000
35.33333333	1072.795797	1.00E-20	7555.556
35.66666667	1072.730408	1.00E-20	14111.112
36	1072.614017	1.00E-20	20666.668
36.33333333	1072.474939	1.00E-20	27222.224
36.66666667	1072.310519	1.00E-20	33777.78
37	1072.133399	1.00E-20	40333.336
37.33333333	1071.950254	1.00E-20	46888.892
37.66666667	1071.766819	1.00E-20	53444.448
38	1071.583812	1.00E-20	60000.004
38.33333333	1071.405315	1.00E-20	66555.56
38.66666667	1071.227729	1.00E-20	73111.116
39	1071.054862	1.00E-20	79666.672
39.33333333	1070.88354	1.00E-20	86222.228
39.66666667	1070.715336	1.00E-20	92777.784
40	1070.548884	1.00E-20	99333.34
40.33333333	1070.381815	1.00E-20	105888.896
40.66666667	1070.136295	1.00E-20	112444.452
41	1069.88109	1.00E-20	119000.008
41.33333333	1069.60637	1.00E-20	119000
41.66666667	1069.313983	1.00E-20	119000
42	1069.006306	1.00E-20	119000
42.33333333	1068.686876	1.00E-20	119000
42.66666667	1068.357121	1.00E-20	119000
43	1068.017496	1.00E-20	119000
43.33333333	1067.668132	1.00E-20	119000
43.66666667	1067.311286	1.00E-20	119000
44	1066.947591	1.00E-20	119000
44.33333333	1066.577472	1.00E-20	119000
44.66666667	1066.202149	1.00E-20	119000
45	1065.821068	1.00E-20	119000
45.33333333	1065.43568	1.00E-20	119000
45.66666667	1065.045595	1.00E-20	119000
46	1064.651155	1.00E-20	119000
46.33333333	1064.253705	1.00E-20	119000
46.66666667	1063.852944	1.00E-20	119000
47	1063.44905	1.00E-20	119000
47.33333333	1063.041926	1.00E-20	119000
47.66666667	1062.632056	1.00E-20	119000
48	1062.219507	1.00E-20	119000
48.33333333	1061.804032	1.00E-20	119000
48.66666667	1061.385664	1.00E-20	119000
49	1060.96434	1.00E-20	119000
49.33333333	1060.539976	1.00E-20	119000
49.66666667	1060.112458	1.00E-20	119000
50	1059.681655	1.00E-20	119000
50.33333333	1059.24757	1.00E-20	119000
50.66666667	1068.416793	1.00E-20	119000
51	1072.515019	1.00E-20	119000
51.33333333	1073.057135	5.00E+00	114083.333
51.66666667	1072.655942	5.00E+00	109166.666
52	1061.788833	5.00E+00	104249.999
52.33333333	1043.703713	5.00E+00	99333.332
52.66666667	1047.596389	5.00E+00	94416.665
53	1047.651533	5.00E+00	89499.998
53.33333333	1047.513701	5.00E+00	84583.331
53.66666667	1046.25344	5.00E+00	79666.664
54	1046.272667	5.00E+00	74749.997
54.33333333	1046.162864	5.00E+00	69833.33
54.66666667	1046.136231	5.00E+00	64916.663
55	1046.186719	5.00E+00	59999.996
55.33333333	1046.284807	5.00E+00	55083.329
55.66666667	1046.438507	5.00E+00	50166.662
56	1046.709724	5.00E+00	45249.995
56.33333333	1046.884377	5.00E+00	40333.328
56.66666667	1047.148023	5.00E+00	35416.661
57	1047.367519	5.00E+00	30499.994
57.33333333	1047.640077	5.00E+00	25583.327
57.66666667	1048.23853	5.00E+00	20666.66
58	1048.551024	5.00E+00	15749.993
58.33333333	1048.961281	5.00E+00	10833.326
58.66666667	1049.396481	5.00E+00	5916.659
59	1049.933403	5.00E+00	1000
59.33333333	1072.795797	1.00E-20	7555.556
59.66666667	1072.730408	1.00E-20	14111.112
60	1072.614017	1.00E-20	20666.668
60.33333333	1072.474939	1.00E-20	27222.224
60.66666667	1072.310519	1.00E-20	33777.78
61	1072.133399	1.00E-20	40333.336
61.33333333	1071.950254	1.00E-20	46888.892
61.66666667	1071.766819	1.00E-20	53444.448
62	1071.583812	1.00E-20	60000.004
62.33333333	1071.405315	1.00E-20	66555.56
62.66666667	1071.227729	1.00E-20	73111.116
63	1071.054862	1.00E-20	79666.672
63.33333333	1070.88354	1.00E-20	86222.228
63.66666667	1070.715336	1.00E-20	92777.784
64	1070.548884	1.00E-20	99333.34
64.33333333	1070.381815	1.00E-20	105888.896
64.66666667	1070.136295	1.00E-20	112444.452
65	1069.88109	1.00E-20	119000.008
65.33333333	1069.60637	1.00E-20	119000
65.66666667	1069.313983	1.00E-20	119000
66	1069.006306	1.00E-20	119000
66.33333333	1068.686876	1.00E-20	119000
66.66666667	1068.357121	1.00E-20	119000
67	1068.017496	1.00E-20	119000
67.33333333	1067.668132	1.00E-20	119000
67.66666667	1067.311286	1.00E-20	119000
68	1066.947591	1.00E-20	119000
68.33333333	1066.577472	1.00E-20	119000
68.66666667	1066.202149	1.00E-20	119000
69	1065.821068	1.00E-20	119000
69.33333333	1065.43568	1.00E-20	119000
69.66666667	1065.045595	1.00E-20	119000
70	1064.651155	1.00E-20	119000
70.33333333	1064.253705	1.00E-20	119000
70.66666667	1063.852944	1.00E-20	119000
71	1063.44905	1.00E-20	119000
71.33333333	1063.041926	1.00E-20	119000
71.66666667	1062.632056	1.00E-20	119000
72	1062.219507	1.00E-20	119000
72.33333333	1061.804032	1.00E-20	119000
72.66666667	1061.385664	1.00E-20	119000
73	1060.96434	1.00E-20	119000
73.33333333	1060.539976	1.00E-20	119000
73.66666667	1060.112458	1.00E-20	119000
74	1059.681655	1.00E-20	119000
74.33333333	1059.24757	1.00E-20	119000
74.66666667	1068.416793	1.00E-20	119000
75	1072.515019	1.00E-20	119000
75.33333333	1073.057135	5.00E+00	114083.333
75.66666667	1072.655942	5.00E+00	109166.666
76	1061.788833	5.00E+00	104249.999
76.33333333	1043.703713	5.00E+00	99333.332
76.66666667	1047.596389	5.00E+00	94416.665
77	1047.651533	5.00E+00	89499.998
77.33333333	1047.513701	5.00E+00	84583.331
77.66666667	1046.25344	5.00E+00	79666.664
78	1046.272667	5.00E+00	74749.997
78.33333333	1046.162864	5.00E+00	69833.33
78.66666667	1046.136231	5.00E+00	64916.663
79	1046.186719	5.00E+00	59999.996
79.33333333	1046.284807	5.00E+00	55083.329
79.66666667	1046.438507	5.00E+00	50166.662
80	1046.709724	5.00E+00	45249.995
80.33333333	1046.884377	5.00E+00	40333.328
80.66666667	1047.148023	5.00E+00	35416.661
81	1047.367519	5.00E+00	30499.994
81.33333333	1047.640077	5.00E+00	25583.327
81.66666667	1048.23853	5.00E+00	20666.66
82	1048.551024	5.00E+00	15749.993
82.33333333	1048.961281	5.00E+00	10833.326
82.66666667	1049.396481	5.00E+00	5916.659
83	1049.933403	5.00E+00	1000
83.33333333	1072.795797	1.00E-20	7555.556
83.66666667	1072.730408	1.00E-20	14111.112
84	1072.614017	1.00E-20	20666.668
84.33333333	1072.474939	1.00E-20	27222.224
84.66666667	1072.310519	1.00E-20	33777.78
85	1072.133399	1.00E-20	40333.336
85.33333333	1071.950254	1.00E-20	46888.892
85.66666667	1071.766819	1.00E-20	53444.448
86	1071.583812	1.00E-20	60000.004
86.33333333	1071.405315	1.00E-20	66555.56
86.66666667	1071.227729	1.00E-20	73111.116
87	1071.054862	1.00E-20	79666.672
87.33333333	1070.88354	1.00E-20	86222.228
87.66666667	1070.715336	1.00E-20	92777.784
88	1070.548884	1.00E-20	99333.34
88.33333333	1070.381815	1.00E-20	105888.896
88.66666667	1070.136295	1.00E-20	112444.452
89	1069.88109	1.00E-20	119000.008
89.33333333	1069.60637	1.00E-20	119000
89.66666667	1069.313983	1.00E-20	119000
90	1069.006306	1.00E-20	119000
90.33333333	1068.686876	1.00E-20	119000
90.66666667	1068.357121	1.00E-20	119000
91	1068.017496	1.00E-20	119000
91.33333333	1067.668132	1.00E-20	119000
91.66666667	1067.311286	1.00E-20	119000
92	1066.947591	1.00E-20	119000
92.33333333	1066.577472	1.00E-20	119000
92.66666667	1066.202149	1.00E-20	119000
93	1065.821068	1.00E-20	119000
93.33333333	1065.43568	1.00E-20	119000
93.66666667	1065.045595	1.00E-20	119000
94	1064.651155	1.00E-20	119000
94.33333333	1064.253705	1.00E-20	119000
94.66666667	1063.852944	1.00E-20	119000
95	1063.44905	1.00E-20	119000
95.33333333	1063.041926	1.00E-20	119000
95.66666667	1062.632056	1.00E-20	119000
96	1062.219507	1.00E-20	119000
96.33333333	1061.804032	1.00E-20	119000
96.66666667	1061.385664	1.00E-20	119000
97	1060.96434	1.00E-20	119000
97.33333333	1060.539976	1.00E-20	119000
97.66666667	1060.112458	1.00E-20	119000
98	1059.681655	1.00E-20	119000
98.33333333	1059.24757	1.00E-20	119000
98.66666667	1068.416793	1.00E-20	119000
99	1072.515019	1.00E-20	119000
99.33333333	1073.057135	5.00E+00	114083.333
99.66666667	1072.655942	5.00E+00	109166.666
100	1061.788833	5.00E+00	104249.999
100.3333333	1043.703713	5.00E+00	99333.332
100.6666667	1047.596389	5.00E+00	94416.665
101	1047.651533	5.00E+00	89499.998
101.3333333	1047.513701	5.00E+00	84583.331
101.6666667	1046.25344	5.00E+00	79666.664
102	1046.272667	5.00E+00	74749.997
102.3333333	1046.162864	5.00E+00	69833.33
102.6666667	1046.136231	5.00E+00	64916.663
103	1046.186719	5.00E+00	59999.996
103.3333333	1046.284807	5.00E+00	55083.329
103.6666667	1046.438507	5.00E+00	50166.662
104	1046.709724	5.00E+00	45249.995
104.3333333	1046.884377	5.00E+00	40333.328
104.6666667	1047.148023	5.00E+00	35416.661
105	1047.367519	5.00E+00	30499.994
105.3333333	1047.640077	5.00E+00	25583.327
105.6666667	1048.23853	5.00E+00	20666.66
106	1048.551024	5.00E+00	15749.993
106.3333333	1048.961281	5.00E+00	10833.326
106.6666667	1049.396481	5.00E+00	5916.659
107	1049.933403	5.00E+00	1000
107.3333333	1072.795797	1.00E-20	7555.556
107.6666667	1072.730408	1.00E-20	14111.112
108	1072.614017	1.00E-20	20666.668
108.3333333	1072.474939	1.00E-20	27222.224
108.6666667	1072.310519	1.00E-20	33777.78
109	1072.133399	1.00E-20	40333.336
109.3333333	1071.950254	1.00E-20	46888.892
109.6666667	1071.766819	1.00E-20	53444.448
110	1071.583812	1.00E-20	60000.004
110.3333333	1071.405315	1.00E-20	66555.56
110.6666667	1071.227729	1.00E-20	73111.116
111	1071.054862	1.00E-20	79666.672
111.3333333	1070.88354	1.00E-20	86222.228
111.6666667	1070.715336	1.00E-20	92777.784
112	1070.548884	1.00E-20	99333.34
112.3333333	1070.381815	1.00E-20	105888.896
112.6666667	1070.136295	1.00E-20	112444.452
113	1069.88109	1.00E-20	119000.008
113.3333333	1069.60637	1.00E-20	119000
113.6666667	1069.313983	1.00E-20	119000
114	1069.006306	1.00E-20	119000
114.3333333	1068.686876	1.00E-20	119000
114.6666667	1068.357121	1.00E-20	119000
115	1068.017496	1.00E-20	119000
115.3333333	1067.668132	1.00E-20	119000
115.6666667	1067.311286	1.00E-20	119000
116	1066.947591	1.00E-20	119000
116.3333333	1066.577472	1.00E-20	119000
116.6666667	1066.202149	1.00E-20	119000
117	1065.821068	1.00E-20	119000
117.3333333	1065.43568	1.00E-20	119000
117.6666667	1065.045595	1.00E-20	119000
118	1064.651155	1.00E-20	119000
118.3333333	1064.253705	1.00E-20	119000
118.6666667	1063.852944	1.00E-20	119000
119	1063.44905	1.00E-20	119000
119.3333333	1063.041926	1.00E-20	119000
119.6666667	1062.632056	1.00E-20	119000
120	1062.219507	1.00E-20	119000
120.3333333	1061.804032	1.00E-20	119000
120.6666667	1061.385664	1.00E-20	119000
121	1060.96434	1.00E-20	119000
121.3333333	1060.539976	1.00E-20	119000
121.6666667	1060.112458	1.00E-20	119000
122	1059.681655	1.00E-20	119000
122.3333333	1059.24757	1.00E-20	119000
122.6666667	1068.416793	1.00E-20	119000
123	1072.515019	1.00E-20	119000
123.3333333	1073.057135	5.00E+00	114083.333
123.6666667	1072.655942	5.00E+00	109166.666
124	1061.788833	5.00E+00	104249.999
124.3333333	1043.703713	5.00E+00	99333.332
124.6666667	1047.596389	5.00E+00	94416.665
125	1047.651533	5.00E+00	89499.998
125.3333333	1047.513701	5.00E+00	84583.331
125.6666667	1046.25344	5.00E+00	79666.664
126	1046.272667	5.00E+00	74749.997
126.3333333	1046.162864	5.00E+00	69833.33
126.6666667	1046.136231	5.00E+00	64916.663
127	1046.186719	5.00E+00	59999.996
127.3333333	1046.284807	5.00E+00	55083.329
127.6666667	1046.438507	5.00E+00	50166.662
128	1046.709724	5.00E+00	45249.995
128.3333333	1046.884377	5.00E+00	40333.328
128.6666667	1047.148023	5.00E+00	35416.661
129	1047.367519	5.00E+00	30499.994
129.3333333	1047.640077	5.00E+00	25583.327
129.6666667	1048.23853	5.00E+00	20666.66
130	1048.551024	5.00E+00	15749.993
130.3333333	1048.961281	5.00E+00	10833.326
130.6666667	1049.396481	5.00E+00	5916.659
131	1049.933403	5.00E+00	1000
